2000 1998
2049 1987
1903 1985
1903 1987
2052 1989
2056 1991
1903 1989
1903 1991
2059 1993
2061 1995
1903 1993
1903 1995
2061 1997
2061 1999
1903 1997
1903 1999
2062 2001
1971 2000
1971 2000
1903 1999
1903 2000
1949 2001
1949 2003
1903 2002
1903 2004
1949 2005
1920 2005
1920 2005
1919 2047
1917 2046
1918 2004
1916 2004
1915 2046
1913 2046
1914 2004
1912 2004
1911 2046
1909 2046
1910 2004
1908 2004
1907 2046
1905 2045
1906 2004
1904 2004
1903 2034
1903 2004
1905 2046
1905 2046
1946 2047
1946 2049
1905 2048
1905 2050
1946 2051
1946 2053
1906 2052
1906 2054
1946 2055
1946 2057
1906 2056
1906 2058
1918 2059
1946 2047
1946 2047
1919 2047
1946 2047
1946 2047
1918 2059
1905 2046
1905 2046
1903 2004
1920 2005
1920 2005
1949 2005
1920 2005
1921 2006
1949 2006
1949 2008
1922 2008
1924 2010
1923 2010
1949 2010
1949 2012
1923 2012
1923 2014
1949 2014
1949 2016
1923 2016
1923 2018
1949 2018
1949 2020
1923 2020
1923 2022
1950 2023
1950 2023
2039 2042
1923 2040
1923 2038
2039 2040
2039 2038
1923 2036
1923 2034
2039 2036
2039 2034
1923 2032
1923 2030
2039 2032
2040 2031
2069 2030
1923 2028
1923 2026
2089 2028
2089 2026
1923 2024
1923 2022
2089 2024
2040 2031
2039 2042
1951 2060
1950 2058
2007 2059
2089 2058
1950 2056
1950 2054
2089 2056
2089 2054
1950 2052
1949 2050
2089 2052
2089 2050
1949 2048
1949 2046
2089 2048
2089 2046
1949 2044
1949 2043
1943 2042
2089 2044
2089 2042
1923 2040
2039 2042
2089 2042
2039 2042
2044 2041
2044 2040
2089 2040
2089 2038
2044 2038
2044 2036
2089 2036
2089 2036
2039 2042
1951 2060
1949 2043
1923 2040
2039 2042
2039 2042
2040 2031
2089 2024
2089 2024
2089 2024
1950 2023
1969 2021
2089 2022
2089 2020
1971 2019
1971 2017
2089 2018
2089 2016
1971 2015
1971 2013
2089 2014
2089 2012
1971 2011
1971 2009
2089 2010
2089 2008
1971 2007
1971 2005
2089 2007
2063 2007
2063 2007
1971 2005
1971 2003
2062 2004
2062 2002
1971 2001
1971 2000
2062 2001
2063 2007
2089 2007
2063 2007
2063 2005
2089 2005
2089 2003
2063 2003
2064 2001
2089 2001
2089 1999
2064 1999
2065 1997
2089 1997
2089 1995
2065 1995
2066 1993
2089 1993
2089 1991
2066 1991
2067 1991
2063 1989
2089 1989
2089 1987
2059 1986
2055 1984
2089 1985
2089 1983
2051 1982
2048 1980
2089 1981
2089 1979
2044 1978
2043 1976
2089 1977
2089 1975
2043 1974
2043 1972
2089 1973
2089 1971
2043 1970
2043 1968
2089 1969
2089 1967
2043 1966
2043 1964
2089 1965
2089 1963
2043 1962
2043 1960
2089 1961
2089 1959
2043 1958
2043 1956
2089 1957
2089 1955
2063 1955
2089 1955
2063 2007
2063 2007
2062 2001
2063 2007
2089 2007
2089 2024
2089 2024
2089 2024
2040 2031
2039 2042
1950 2023
1950 2023
1949 2005
1920 2005
1920 2005
1903 2004
1920 2005
1949 2005
1949 2001
1971 2000
1971 2000
2049 1987
2062 2001
1987 1986
1987 1986
1903 1984
1903 1982
1986 1983
1986 1981
1903 1980
1904 1978
1986 1979
1985 1977
1904 1976
1904 1974
1985 1975
1985 1973
1904 1972
1904 1970
1985 1971
1984 1970
1904 1969
1928 1970
1952 1970
1958 1963
1984 1964
1984 1964
1957 1964
1955 1966
1984 1966
1984 1968
1953 1968
1952 1970
1928 1970
1984 1970
1984 1964
2038 1964
1984 1964
2017 1965
2016 1966
2038 1966
2038 1968
2016 1968
2016 1970
2038 1970
2038 1972
2015 1972
2015 1974
2038 1974
2038 1976
2015 1976
2015 1978
2038 1978
2038 1980
2039 1980
2014 1980
2014 1982
2042 1982
2045 1984
2014 1984
2014 1986
1987 1986
2049 1986
2038 1980
2038 1964
2038 1964
2031 1964
1958 1963
2038 1962
2038 1960
1960 1961
1962 1959
2038 1958
2038 1956
1964 1957
1966 1955
2038 1954
2038 1952
1968 1953
1970 1951
2038 1950
2038 1949
2089 1948
1972 1949
1974 1947
2090 1946
2090 1944
1976 1945
1978 1943
2090 1942
2090 1940
1980 1941
1982 1939
2090 1938
2090 1936
1984 1937
1986 1935
2090 1934
2090 1932
1988 1933
1990 1931
2090 1930
2090 1928
1992 1929
2038 1964
2038 1964
2038 1980
2049 1986
2038 1980
2017 1965
1984 1964
1984 1970
1958 1963
1952 1970
1928 1970
1928 1970
1904 1969
1904 1967
1926 1967
1926 1966
1926 1965
1904 1965
1904 1963
1947 1964
1952 1962
1904 1961
1904 1959
1954 1960
1956 1958
1904 1957
1904 1955
1958 1956
1960 1954
1904 1953
1904 1951
1961 1952
1963 1950
1904 1949
1904 1947
1965 1948
1967 1946
1904 1945
1904 1943
1969 1944
1971 1942
1904 1941
1904 1939
1973 1940
1974 1938
1904 1937
1904 1935
1976 1936
1978 1934
1904 1933
1904 1931
1980 1932
1982 1930
1904 1929
1905 1929
