128 179
128 181
128 182
128 184
128 186
128 187
128 189
130 189
132 189
134 189
136 189
138 189
139 189
141 189
143 189
145 189
147 189
149 189
151 189
153 189
155 189
157 189
159 189
161 189
162 189
164 189
166 189
168 189
170 189
172 189
172 188
172 187
172 186
170 186
168 186
166 186
164 186
162 186
161 186
159 186
157 186
155 186
153 186
151 186
149 186
147 186
145 186
143 186
141 186
139 186
138 186
136 186
134 186
132 186
130 186
128 186
128 185
128 184
128 183
130 183
132 183
134 183
136 183
138 183
139 183
141 183
143 183
145 183
147 183
149 183
151 183
153 183
155 183
157 183
159 183
161 183
162 183
164 183
166 183
168 183
170 183
172 183
172 182
172 181
172 180
170 180
168 180
166 180
164 180
162 180
161 180
159 180
157 180
155 180
153 180
151 180
149 180
147 180
145 180
143 180
141 180
139 180
138 180
136 180
134 180
132 180
130 180
128 180
128 179
128 178
128 177
130 177
132 177
134 177
136 177
138 177
139 177
141 177
143 177
145 177
147 177
149 177
151 177
153 177
155 177
157 177
159 177
161 177
162 177
164 177
166 177
168 177
170 177
172 177
172 176
172 175
172 174
170 174
168 174
166 174
164 174
162 174
161 174
159 174
157 174
155 174
153 174
151 174
149 174
147 174
145 174
143 174
141 174
139 174
138 174
136 174
134 174
132 174
130 174
128 174
128 173
128 172
128 171
130 171
132 171
134 171
136 171
138 171
139 171
141 171
143 171
145 171
147 171
149 171
151 171
153 171
155 171
157 171
159 171
161 171
162 171
164 171
166 171
168 171
170 171
172 171
172 170
172 169
172 168
170 168
168 168
166 168
164 168
162 168
161 168
159 168
157 168
155 168
153 168
151 168
149 168
147 168
145 168
143 168
141 168
139 168
138 168
136 168
134 168
132 168
130 168
128 168
128 167
128 166
128 165
130 165
132 165
134 165
136 165
138 165
139 165
141 165
143 165
145 165
147 165
149 165
151 165
153 165
155 165
157 165
159 165
161 165
162 165
164 165
166 165
168 165
170 165
172 165
172 164
172 163
172 162
170 162
168 162
166 162
164 162
162 162
161 162
159 162
157 162
155 162
153 162
151 162
149 162
147 162
145 162
143 162
141 162
139 162
138 162
136 162
134 162
132 162
130 162
128 162
128 161
128 160
128 159
130 159
132 159
134 159
136 159
138 159
139 159
141 159
143 159
145 159
147 159
149 159
151 159
153 159
155 159
157 159
159 159
161 159
162 159
164 159
166 159
168 159
170 159
172 159
172 158
172 157
172 156
170 156
168 156
166 156
164 156
162 156
161 156
159 156
157 156
155 156
153 156
151 156
149 156
147 156
145 156
143 156
141 156
139 156
138 156
136 156
134 156
132 156
130 156
128 156
128 155
128 154
128 153
130 153
132 153
134 153
136 153
138 153
139 153
141 153
143 153
145 153
147 153
149 153
151 153
153 153
155 153
157 153
159 153
161 153
162 153
164 153
166 153
168 153
170 153
172 153
172 152
172 151
172 150
170 150
168 150
166 150
164 150
162 150
161 150
159 150
157 150
155 150
153 150
151 150
149 150
147 150
145 150
143 150
141 150
139 150
138 150
136 150
134 150
132 150
130 150
128 150
128 149
128 149
130 149
132 149
134 149
136 149
138 149
139 149
141 149
143 149
145 149
147 149
149 149
151 149
153 149
155 149
157 149
159 149
161 149
162 149
164 149
166 149
168 149
170 149
172 149
