128 171
128 169
128 167
128 165
128 163
129 161
129 159
129 158
129 156
129 154
129 152
129 150
129 148
129 146
130 144
130 142
130 140
130 138
130 136
130 135
130 133
130 131
130 129
131 127
131 125
131 123
131 121
131 119
131 117
131 115
131 113
131 112
132 110
132 108
132 106
132 104
132 102
132 104
132 106
132 108
132 110
132 112
132 114
132 115
132 117
132 119
132 121
132 123
132 125
132 127
132 129
132 131
132 133
132 135
132 137
132 139
132 140
132 142
132 144
132 146
132 148
132 150
132 152
132 154
132 156
132 158
132 160
132 162
132 164
132 166
132 167
132 169
132 171
132 173
132 175
132 177
132 179
131 179
130 179
129 179
129 177
129 175
129 173
129 171
129 169
129 167
129 166
129 164
129 162
129 160
129 158
129 156
129 154
129 152
129 150
129 148
129 146
129 144
129 142
129 140
129 139
129 137
129 135
129 133
129 131
129 129
129 127
129 125
129 123
129 121
129 119
129 117
129 115
129 114
129 112
129 110
129 108
129 106
129 104
129 102
128 102
127 102
126 102
126 104
126 106
126 108
126 110
126 112
126 114
126 115
126 117
126 119
126 121
126 123
126 125
126 127
126 129
126 131
126 133
126 135
126 137
126 139
126 140
126 142
126 144
126 146
126 148
126 150
126 152
126 154
126 156
126 158
126 160
126 162
126 164
126 166
126 167
126 169
126 171
126 173
126 175
126 177
126 179
125 179
124 179
123 179
123 177
123 175
123 173
123 171
123 169
123 167
123 166
123 164
123 162
123 160
123 158
123 156
123 154
123 152
123 150
123 148
123 146
123 144
123 142
123 140
123 139
123 137
123 135
123 133
123 131
123 129
123 127
123 125
123 123
123 121
123 119
123 117
123 115
123 114
123 112
123 110
123 108
123 106
123 104
123 102
124 103
126 105
127 106
128 107
129 108
131 110
132 111
132 111
132 113
132 115
132 117
132 119
132 121
132 123
132 125
132 127
132 128
132 130
132 132
132 134
132 136
132 138
132 140
132 142
132 144
132 146
132 148
132 150
132 152
132 154
132 156
132 158
132 160
132 162
132 163
132 165
132 167
132 169
132 171
132 173
132 175
132 177
132 179
133 179
134 179
135 179
135 177
135 175
135 173
135 171
135 169
135 168
135 166
135 164
135 162
135 160
135 158
135 156
135 154
135 152
135 150
135 148
135 147
135 145
135 143
135 141
135 139
135 137
136 137
137 137
138 137
138 139
138 141
138 143
138 145
138 147
138 148
138 150
138 152
138 154
138 156
138 158
138 160
138 162
138 164
138 166
138 168
138 169
138 171
138 173
138 175
138 177
138 179
139 179
140 179
141 179
141 177
141 175
141 173
141 171
141 169
141 168
141 166
141 164
141 162
141 160
141 158
141 156
141 154
141 152
141 150
141 148
141 147
141 145
141 143
141 141
141 139
141 137
142 137
143 137
144 137
144 139
144 141
144 143
144 145
144 147
144 148
144 150
144 152
144 154
144 156
144 158
144 160
144 162
144 164
144 166
144 168
144 169
144 171
144 173
144 175
144 177
144 179
145 179
146 179
147 179
147 177
147 175
147 173
147 171
147 169
147 168
147 166
147 164
147 162
147 160
147 158
147 156
147 154
147 152
147 150
147 148
147 147
147 145
147 143
147 141
147 139
147 137
148 137
149 138
150 138
150 140
150 142
150 144
150 145
150 147
150 149
150 151
150 153
150 155
150 157
150 158
150 160
150 162
150 164
150 166
150 168
150 170
150 172
150 173
150 175
150 177
150 179
151 179
152 179
153 179
153 177
153 175
153 173
153 172
153 170
153 168
153 166
153 164
153 162
153 160
153 158
153 157
153 155
153 153
153 151
153 149
153 147
153 145
153 144
153 142
153 140
153 138
154 138
155 138
156 138
156 140
156 142
156 144
156 145
156 147
156 149
156 151
156 153
156 155
156 157
156 158
156 160
156 162
156 164
156 166
156 168
156 170
156 172
156 173
156 175
156 177
156 179
157 179
158 179
159 179
159 177
159 175
159 173
159 172
159 170
159 168
159 166
159 164
159 162
159 160
159 158
159 157
159 155
159 153
159 151
159 149
159 147
159 145
159 144
159 142
159 140
159 138
160 138
161 138
162 138
162 140
162 142
162 144
162 145
162 147
162 149
162 151
162 153
162 155
162 157
162 158
162 160
162 162
162 164
162 166
162 168
162 170
162 172
162 173
162 175
162 177
162 179
163 179
164 179
165 179
165 177
165 175
165 173
165 171
165 169
165 168
165 166
165 164
165 162
165 160
165 158
165 156
165 154
165 152
165 150
165 148
165 146
165 145
165 143
165 141
165 139
165 137
165 135
166 133
166 132
167 130
167 129
168 127
168 129
168 131
168 133
168 135
168 137
168 139
168 140
168 142
168 144
168 146
168 148
168 150
168 152
168 154
168 156
168 158
168 160
168 162
168 164
168 166
168 167
168 169
168 171
168 173
168 175
168 177
168 179
169 179
170 179
170 177
170 175
170 173
170 171
170 169
170 167
170 165
170 164
170 162
170 160
170 158
170 156
170 154
170 152
170 150
170 148
170 146
170 144
170 142
170 140
170 138
170 136
170 135
170 133
170 131
170 129
170 127
170 125
170 123
170 121
169 123
169 124
168 126
168 128
167 129
166 131
166 133
165 135
165 136
164 138
162 138
160 138
159 138
157 138
155 138
153 138
151 138
149 138
148 137
146 137
144 137
142 137
140 137
138 137
137 137
135 137
133 137
133 135
133 133
133 131
133 130
133 128
133 126
133 124
132 122
132 120
132 118
132 117
132 115
132 113
132 111
132 111
134 111
136 111
138 111
140 111
142 111
143 112
145 112
147 112
149 112
151 112
153 112
155 112
157 112
159 112
161 112
162 113
164 113
166 113
168 113
170 113
170 112
170 111
170 110
168 110
166 110
164 110
162 110
161 109
159 109
157 109
155 109
153 109
151 109
149 109
147 109
145 109
143 109
142 108
140 108
138 108
136 108
134 108
132 108
132 107
132 106
132 105
134 105
136 105
138 105
140 105
142 105
143 106
145 106
147 106
149 106
151 106
153 106
155 106
157 106
159 106
161 106
162 107
164 107
166 107
168 107
170 107
170 106
170 105
170 104
168 104
166 104
164 104
162 104
161 103
159 103
157 103
155 103
153 103
151 103
149 103
147 103
145 103
143 103
142 102
140 102
138 102
136 102
134 102
132 102
134 102
136 102
138 102
140 102
142 102
143 102
145 102
147 102
149 102
151 102
153 102
155 102
157 102
159 102
161 102
162 102
164 102
166 102
168 102
170 102
