220 104
221 105
222 106
224 108
225 109
226 110
224 110
222 110
221 110
219 109
217 109
215 109
214 109
212 109
210 109
208 108
207 108
205 108
203 108
205 108
207 108
208 108
210 108
212 108
214 108
215 108
217 108
219 108
221 108
222 108
224 108
226 108
226 107
226 106
226 105
224 105
222 105
221 105
219 105
217 105
215 105
214 105
212 105
210 105
208 105
207 105
205 105
203 105
203 104
203 103
203 102
205 102
207 102
208 102
210 102
212 102
214 102
215 102
217 102
219 102
221 102
222 102
224 102
226 102
226 101
226 100
226 99
224 99
222 99
221 99
219 99
217 99
215 99
214 99
212 99
210 99
208 99
207 99
205 99
203 99
203 98
203 97
203 96
205 96
207 96
208 96
210 96
212 96
214 96
215 96
217 96
219 96
221 96
222 96
224 96
226 96
226 95
226 94
226 93
224 93
222 93
221 93
219 93
217 93
215 93
214 93
212 93
210 93
208 93
207 93
205 93
203 93
203 92
203 91
203 90