121 181
121 179
121 177
120 175
120 173
120 171
120 169
120 167
119 165
119 164
119 162
119 160
118 158
118 156
118 154
118 152
118 150
117 148
117 146
117 144
117 142
117 140
116 138
116 136
116 134
116 133
115 131
115 129
115 127
115 125
115 123
114 121
114 119
114 117
114 119
114 121
114 123
114 125
114 127
114 129
114 130
114 132
114 134
114 136
114 138
114 140
114 142
114 144
114 146
114 148
114 150
114 152
114 153
114 155
114 157
114 159
114 161
114 163
114 165
114 167
114 169
114 171
114 173
114 175
114 177
114 178
114 180
114 182
114 184
114 186
114 188
114 190
115 190
116 190
117 190
117 188
117 186
117 184
117 182
117 180
117 178
117 177
117 175
117 173
117 171
117 169
117 167
117 165
117 163
117 161
117 159
117 157
117 155
117 153
117 152
117 150
117 148
117 146
117 144
117 142
117 140
117 138
117 136
117 134
117 132
117 130
117 129
117 127
117 125
117 123
117 121
117 119
117 117
118 117
119 117
120 117
120 119
120 121
120 123
120 125
120 127
120 129
120 130
120 132
120 134
120 136
120 138
120 140
120 142
120 144
120 146
120 148
120 150
120 152
120 153
120 155
120 157
120 159
120 161
120 163
120 165
120 167
120 169
120 171
120 173
120 175
120 177
120 178
120 180
120 182
120 184
120 186
120 188
120 190
121 190
122 190
123 190
123 188
123 186
123 184
123 182
123 180
123 178
123 177
123 175
123 173
123 171
123 169
123 167
123 165
123 163
123 161
123 159
123 157
123 155
123 153
123 152
123 150
123 148
123 146
123 144
123 142
123 140
123 138
123 136
123 134
123 132
123 130
123 129
123 127
123 125
123 123
123 121
123 119
123 117
124 117
125 117
126 117
126 119
126 121
126 123
126 125
126 127
126 129
126 130
126 132
126 134
126 136
126 138
126 140
126 142
126 144
126 146
126 148
126 150
126 152
126 153
126 155
126 157
126 159
126 161
126 163
126 165
126 167
126 169
126 171
126 173
126 175
126 177
126 178
126 180
126 182
126 184
126 186
126 188
126 190
127 190
128 190
129 190
129 188
129 186
129 184
129 182
129 180
129 178
129 177
129 175
129 173
129 171
129 169
129 167
129 165
129 163
129 161
129 159
129 157
129 155
129 153
129 152
129 150
129 148
129 146
129 144
129 142
129 140
129 138
129 136
129 134
129 132
129 130
129 129
129 127
129 125
129 123
129 121
129 119
129 117
130 117
131 117
132 117
132 119
132 121
132 123
132 125
132 127
132 129
132 130
132 132
132 134
132 136
132 138
132 140
132 142
132 144
132 146
132 148
132 150
132 152
132 153
132 155
132 157
132 159
132 161
132 163
132 165
132 167
132 169
132 171
132 173
132 175
132 177
132 178
132 180
132 182
132 184
132 186
132 188
132 190
133 190
134 190
135 190
135 188
135 186
135 184
135 182
135 181
135 179
135 177
135 175
135 173
135 171
135 169
135 167
135 165
135 163
135 162
135 160
135 158
135 156
135 154
135 152
135 150
135 148
135 146
135 145
135 143
135 141
135 139
135 137
136 137
137 137
138 137
138 139
138 141
138 143
138 145
138 146
138 148
138 150
138 152
138 154
138 156
138 158
138 160
138 162
138 163
138 165
138 167
138 169
138 171
138 173
138 175
138 177
138 179
138 181
138 182
138 184
138 186
138 188
138 190
139 190
140 190
141 190
141 188
141 186
141 184
141 182
141 181
141 179
141 177
141 175
141 173
141 171
141 169
141 167
141 165
141 163
141 162
141 160
141 158
141 156
141 154
141 152
141 150
141 148
141 146
141 145
141 143
141 141
141 139
141 137
142 137
143 137
144 137
144 139
144 141
144 143
144 145
144 146
144 148
144 150
144 152
144 154
144 156
144 158
144 160
144 162
144 163
144 165
144 167
144 169
144 171
144 173
144 175
144 177
144 179
144 181
144 182
144 184
144 186
144 188
144 190
145 190
146 190
147 190
147 188
147 186
147 184
147 182
147 180
147 178
147 177
147 175
147 173
147 171
147 169
147 167
147 165
147 163
147 161
147 159
147 157
147 155
147 153
147 151
147 150
147 148
147 146
147 144
147 142
147 140
147 138
148 138
149 138
150 138
150 140
150 142
150 144
150 146
150 148
150 150
150 151
150 153
150 155
150 157
150 159
150 161
150 163
150 165
150 167
150 169
150 171
150 173
150 175
150 177
150 178
150 180
150 182
150 184
150 186
150 188
150 190
151 190
152 190
153 190
153 188
153 186
153 184
153 182
153 180
153 178
153 177
153 175
153 173
153 171
153 169
153 167
153 165
153 163
153 161
153 159
153 157
153 155
153 153
153 151
153 150
153 148
153 146
153 144
153 142
153 140
153 138
154 138
155 138
156 138
156 140
156 142
156 144
156 146
156 148
156 150
156 151
156 153
156 155
156 157
156 159
156 161
156 163
156 165
156 167
156 169
156 171
156 173
156 175
156 177
156 178
156 180
156 182
156 184
156 186
156 188
156 190
157 190
158 190
159 190
159 188
159 186
159 184
159 182
159 180
159 178
159 177
159 175
159 173
159 171
159 169
159 167
159 165
159 163
159 161
159 159
159 157
159 155
159 153
159 151
159 150
159 148
159 146
159 144
159 142
159 140
159 138
160 138
161 137
162 137
162 139
162 141
162 143
162 145
162 146
162 148
162 150
162 152
162 154
162 156
162 158
162 160
162 162
162 163
162 165
162 167
162 169
162 171
162 173
162 175
162 177
162 179
162 181
162 182
162 184
162 186
162 188
162 190
163 190
164 190
165 190
165 188
165 186
165 184
165 182
165 180
165 178
165 176
165 175
165 173
165 171
165 169
165 167
165 165
165 163
165 161
165 159
165 157
165 155
165 153
165 151
165 149
165 148
165 146
165 144
165 142
165 140
165 138
165 136
166 135
167 135
167 134
168 132
168 131
168 133
168 135
168 137
168 139
168 141
168 142
168 144
168 146
168 148
168 150
168 152
168 154
168 156
168 158
168 160
168 161
168 163
168 165
168 167
168 169
168 171
168 173
168 175
168 177
168 179
168 180
168 182
168 184
168 186
168 188
168 190
169 190
170 190
171 190
171 188
171 186
171 184
171 182
171 180
171 178
171 177
171 175
171 173
171 171
171 169
171 167
171 165
171 163
171 161
171 159
171 157
171 155
171 154
171 152
171 150
171 148
171 146
171 144
171 142
171 140
171 138
171 136
171 134
171 132
171 131
171 129
171 127
171 125
171 123
171 121
172 120
173 119
173 118
174 117
174 119
174 121
174 123
174 125
174 127
174 129
174 130
174 132
174 134
174 136
174 138
174 140
174 142
174 144
174 146
174 148
174 150
174 152
174 153
174 155
174 157
174 159
174 161
174 163
174 165
174 167
174 169
174 171
174 173
174 175
174 177
174 178
174 180
174 182
174 184
174 186
174 188
174 190
175 190
176 190
176 188
176 186
176 184
176 182
176 180
176 178
176 177
176 175
176 173
176 171
176 169
176 167
176 165
176 163
176 161
176 159
176 157
176 155
176 153
176 152
176 150
176 148
176 146
176 144
176 142
176 140
176 138
176 136
176 134
176 132
176 130
176 129
176 127
176 125
176 123
176 121
176 119
176 117
176 119
176 121
176 123
176 125
176 126
176 128
176 130
176 132
176 134
176 136
176 138
176 140
176 142
176 143
176 145
176 147
176 149
176 151
176 151
176 153
176 155
176 157
176 158
176 160
176 162
176 164
176 166
176 168
176 170
176 171
176 173
176 175
176 177
176 179
176 181
176 183
176 184
176 186
176 188
176 190
177 190
178 190
179 190
179 188
179 187
179 185
179 183
179 181
179 180
179 178
179 176
179 175
179 173
180 173
181 173
182 173
182 175
182 176
182 178
182 180
182 181
182 183
182 185
182 187
182 188
182 190
183 190
184 190
185 190
185 188
185 186
185 185
185 183
185 181
185 179
185 178
185 176
185 174
186 174
187 174
188 174
188 176
188 178
188 179
188 181
188 183
188 185
188 186
188 188
188 190
187 188
186 187
185 185
184 184
183 182
182 181
181 179
180 178
179 176
178 175
177 173
177 171
177 169
177 167
177 166
177 164
177 162
176 160
176 158
176 156
176 155
176 153
176 151
177 150
178 148
179 147
180 146
182 146
183 146
185 146
186 146
188 146
188 144
188 142
188 141
188 139
188 137
188 135
188 133
188 131
188 130
188 128
188 126
188 124
188 122
188 121
188 119
188 117
187 117
186 117
185 117
185 119
185 121
185 122
185 124
185 126
185 128
185 130
185 131
185 133
185 135
185 137
185 139
185 141
185 142
185 144
185 146
184 146
183 146
182 146
182 144
182 142
182 141
182 139
182 137
182 135
182 133
182 131
182 130
182 128
182 126
182 124
182 122
182 121
182 119
182 117
181 117
180 117
179 117
179 119
179 121
179 123
179 124
179 126
179 128
179 130
179 132
179 134
179 136
179 138
179 139
179 141
179 143
179 145
179 147
178 148
178 149
177 150
176 151
176 149
176 147
176 145
176 143
176 142
176 140
176 138
176 136
176 134
176 132
176 130
176 128
176 126
176 125
176 123
176 121
176 119
176 117
