128 188
127 189
125 190
124 191
123 193
122 194
120 195
119 196
121 196
123 196
125 196
127 196
129 196
131 196
133 196
135 196
136 196
138 196
140 196
142 196
144 196
146 196
148 196
150 196
152 196
154 196
156 196
158 196
160 196
162 196
164 196
166 196
168 196
170 196
171 196
173 196
175 196
177 196
179 196
181 196
183 196
185 196
187 196
187 195
187 195
185 195
183 195
181 195
179 195
177 195
175 195
173 195
171 195
170 195
168 195
166 195
164 195
162 195
160 195
158 195
156 195
154 195
152 195
150 195
148 195
146 195
144 195
142 195
140 195
138 195
136 195
135 195
133 195
131 195
129 195
127 195
125 195
123 195
121 195
119 195
119 194
119 193
119 192
121 192
123 192
125 192
127 192
129 192
131 192
133 192
135 192
136 192
138 192
140 192
142 192
144 192
146 192
148 192
150 192
152 192
154 192
156 192
158 192
160 192
162 192
164 192
166 192
168 192
170 192
171 192
173 192
175 192
177 192
179 192
181 192
183 192
185 192
187 192
187 191
187 190
187 189
185 189
183 189
181 189
179 189
177 189
175 189
173 189
171 189
170 189
168 189
166 189
164 189
162 189
160 189
158 189
156 189
154 189
152 189
150 189
148 189
146 189
144 189
142 189
140 189
138 189
136 189
135 189
133 189
131 189
129 189
127 189
125 189
123 189
121 189
119 189
119 188
119 187
119 186
121 186
123 186
125 186
127 186
129 186
131 186
133 186
135 186
136 186
138 186
140 186
142 186
144 186
146 186
148 186
150 186
152 186
154 186
156 186
158 186
160 186
162 186
164 186
166 186
168 186
170 186
171 186
173 186
175 186
177 186
179 186
181 186
183 186
185 186
187 186
187 185
187 184
187 183
185 183
183 183
181 183
179 183
177 183
175 183
173 183
171 183
170 183
168 183
166 183
164 183
162 183
160 183
158 183
156 183
154 183
152 183
150 183
148 183
146 183
144 183
142 183
140 183
138 183
136 183
135 183
133 183
131 183
129 183
127 183
125 183
123 183
121 183
119 183
119 182
119 181
119 180
121 180
123 180
125 180
127 180
129 180
131 180
133 180
135 180
136 180
138 180
140 180
142 180
144 180
146 180
148 180
150 180
152 180
154 180
156 180
158 180
160 180
162 180
164 180
166 180
168 180
170 180
171 180
173 180
175 180
177 180
179 180
181 180
183 180
185 180
187 180
187 179
187 178
187 177
185 177
183 177
181 177
179 177
177 177
175 177
173 177
171 177
170 177
168 177
166 177
164 177
162 177
160 177
158 177
156 177
154 177
152 177
150 177
148 177
146 177
144 177
142 177
140 177
138 177
136 177
135 177
133 177
131 177
129 177
127 177
125 177
123 177
121 177
119 177
119 176
119 175
119 174
121 174
123 174
125 174
127 174
129 174
131 174
133 174
135 174
136 174
138 174
140 174
142 174
144 174
146 174
148 174
150 174
152 174
154 174
156 174
158 174
160 174
162 174
164 174
166 174
168 174
170 174
171 174
173 174
175 174
177 174
179 174
181 174
183 174
185 174
187 174
185 174
184 174
182 173
180 173
179 173
177 173
177 172
177 171
175 171
173 171
171 171
169 171
167 171
165 171
163 171
162 171
160 171
158 171
156 171
154 171
152 171
150 171
148 171
146 171
144 171
142 171
140 171
138 171
136 171
134 171
133 171
131 171
129 171
127 171
125 171
123 171
121 171
119 171
119 170
119 169
119 168
121 168
123 168
125 168
127 168
129 168
131 168
133 168
134 168
136 168
138 168
140 168
142 168
144 168
146 168
148 168
150 168
152 168
154 168
156 168
158 168
160 168
162 168
163 168
165 168
167 168
169 168
171 168
173 168
175 168
177 168
177 167
177 166
177 165
175 165
173 165
171 165
169 165
167 165
165 165
163 165
162 165
160 165
158 165
156 165
154 165
152 165
150 165
148 165
146 165
144 165
142 165
140 165
138 165
136 165
134 165
133 165
131 165
129 165
127 165
125 165
123 165
121 165
119 165
119 164
119 163
119 162
121 162
123 162
125 162
127 162
129 162
131 162
133 162
134 162
136 162
138 162
140 162
142 162
144 162
146 162
148 162
150 162
152 162
154 162
156 162
158 162
160 162
162 162
163 162
165 162
167 162
169 162
171 162
173 162
175 162
177 162
177 161
176 160
176 159
174 159
172 159
170 159
168 159
167 159
165 159
163 159
161 159
159 159
157 159
155 159
153 159
151 159
149 159
148 159
146 159
144 159
142 159
140 159
138 159
136 159
134 159
132 159
130 159
129 159
127 159
125 159
123 159
121 159
119 159
119 158
119 157
119 156
121 156
123 156
125 156
127 156
129 156
130 156
132 156
134 156
136 156
138 156
140 156
142 156
144 156
146 156
148 156
149 156
151 156
153 156
155 156
157 156
159 156
161 156
163 156
165 156
167 156
168 156
170 156
172 156
174 156
176 156
176 155
176 154
176 153
174 153
172 153
170 153
168 153
167 153
165 153
163 153
161 153
159 153
157 153
155 153
153 153
151 153
149 153
148 153
146 153
144 153
142 153
140 153
138 153
136 153
134 153
132 153
130 153
129 153
127 153
125 153
123 153
121 153
119 153
119 152
119 151
119 150
121 150
123 150
125 150
127 150
129 150
130 150
132 150
134 150
136 150
138 150
140 150
142 150
144 150
146 150
148 150
149 150
151 150
153 150
155 150
157 150
159 150
161 150
163 150
165 150
167 150
168 150
170 150
172 150
174 150
176 150
178 150
179 149
181 149
182 148
184 148
185 147
183 147
181 147
179 147
177 147
175 147
173 147
171 147
169 147
168 147
166 147
164 147
162 147
160 147
158 147
156 147
154 147
152 147
150 147
148 147
146 147
144 147
142 147
140 147
138 147
136 147
135 147
133 147
131 147
129 147
127 147
125 147
123 147
121 147
119 147
119 146
119 145
119 144
121 144
123 144
125 144
127 144
129 144
131 144
133 144
135 144
136 144
138 144
140 144
142 144
144 144
146 144
148 144
150 144
152 144
154 144
156 144
158 144
160 144
162 144
164 144
166 144
168 144
170 144
171 144
173 144
175 144
177 144
179 144
181 144
183 144
185 144
187 144
187 143
187 142
187 141
185 141
183 141
181 141
179 141
177 141
175 141
173 141
171 141
170 141
168 141
166 141
164 141
162 141
160 141
158 141
156 141
154 141
152 141
150 141
148 141
146 141
144 141
142 141
140 141
138 141
136 141
135 141
133 141
131 141
129 141
127 141
125 141
123 141
121 141
119 141
119 140
119 139
119 138
121 138
123 138
125 138
127 138
129 138
131 138
133 138
135 138
136 138
138 138
140 138
142 138
144 138
146 138
148 138
150 138
152 138
154 138
156 138
158 138
160 138
162 138
164 138
166 138
168 138
170 138
171 138
173 138
175 138
177 138
179 138
181 138
183 138
185 138
187 138
185 138
183 138
182 138
180 138
178 138
176 138
175 138
173 138
171 138
169 138
168 138
166 138
164 138
164 138
162 138
160 138
158 138
157 138
155 138
153 138
151 138
149 138
147 138
145 138
143 138
142 138
140 138
138 138
136 138
134 138
132 138
130 138
128 138
127 138
125 138
123 138
121 138
119 138
119 137
119 136
119 135
121 135
123 135
124 135
126 135
128 135
130 135
131 135
133 135
133 134
132 133
132 132
130 132
129 132
127 132
126 132
124 132
122 132
121 132
119 132
119 131
119 130
119 129
121 129
122 129
124 129
126 129
127 129
129 129
130 129
132 129
132 131
132 132
133 134
133 135
133 137
135 137
137 137
138 137
140 137
142 137
144 137
146 137
148 137
149 138
151 138
153 138
155 138
157 138
159 138
160 138
162 138
164 138
166 138
168 138
169 138
171 138
173 138
175 138
176 138
178 138
180 138
182 138
183 138
185 138
187 138
185 138
183 138
182 138
180 138
178 138
176 138
175 138
173 138
171 138
169 138
168 138
166 138
164 138
164 137
165 136
165 135
167 135
169 135
171 135
172 135
174 135
176 135
178 135
180 135
182 135
183 135
185 135
187 135
187 134
187 133
187 132
185 132
183 132
182 132
180 132
178 132
176 132
174 132
172 132
171 132
169 132
167 132
167 131
168 130
168 129
170 129
171 129
173 129
175 129
177 129
178 129
180 129
182 129
184 129
185 129
187 129
