123 182
122 183
121 184
120 185
118 187
117 188
116 189
116 188
116 188
117 188
118 189
119 189
121 189
122 189
123 189
122 188
120 187
119 186
117 185
116 184
116 183
116 181
116 180
117 181
119 182
120 183
121 184
123 185
124 186
125 187
127 188
128 189
130 189
131 189
133 189
134 189
133 188
131 187
130 186
128 185
127 184
125 183
124 182
122 181
121 180
119 179
118 178
116 177
116 176
116 174
116 173
118 174
119 175
121 176
122 177
124 178
125 179
127 180
128 182
130 183
131 184
133 185
134 186
136 187
137 188
139 189
140 189
142 189
143 189
144 189
142 188
141 187
139 186
138 185
136 183
135 182
133 181
132 180
130 179
128 178
127 177
125 176
124 175
122 173
121 172
119 171
118 170
116 169
116 168
116 167
116 166
118 167
119 168
121 169
122 170
124 171
125 173
127 174
129 175
130 176
132 177
133 178
135 179
136 180
138 181
140 182
141 184
143 185
144 186
146 187
147 188
149 189
151 189
152 189
154 189
155 189
153 188
152 187
150 186
149 185
147 184
146 183
144 181
143 180
141 179
139 178
138 177
136 176
135 175
133 174
132 173
130 172
128 171
127 170
125 168
124 167
122 166
121 165
119 164
118 163
116 162
116 161
116 159
116 158
118 159
119 160
121 161
122 162
124 164
125 165
127 166
129 167
130 168
132 169
133 170
135 171
136 172
138 173
140 175
141 176
143 177
144 178
146 179
147 180
149 181
151 182
152 183
154 185
155 186
157 187
158 188
160 189
161 189
163 189
164 189
165 189
163 188
162 187
160 186
159 185
157 184
156 182
154 181
152 180
151 179
149 178
148 177
146 176
144 175
143 174
141 173
140 171
138 170
137 169
135 168
133 167
132 166
130 165
129 164
127 163
125 162
124 160
122 159
121 158
119 157
118 156
116 155
116 154
116 152
116 151
118 152
119 153
121 154
122 155
124 157
126 158
127 159
129 160
130 161
132 162
133 163
135 164
137 166
138 167
140 168
141 169
143 170
145 171
146 172
148 173
149 174
151 176
153 177
154 178
156 179
157 180
159 181
160 182
162 183
164 185
165 186
167 187
168 188
170 189
172 189
173 189
175 189
176 189
174 188
173 187
171 186
170 185
168 183
167 182
165 181
163 180
162 179
160 178
159 177
157 176
155 175
154 174
152 172
151 171
149 170
148 169
146 168
144 167
143 166
141 165
140 164
138 162
137 161
135 160
133 159
132 158
130 157
129 156
127 155
125 154
124 153
122 151
121 150
119 149
118 148
116 147
116 146
116 145
116 144
118 145
119 146
121 147
122 148
124 149
126 151
127 152
129 153
130 154
132 155
133 156
135 157
137 158
138 159
140 160
141 162
143 163
145 164
146 165
148 166
149 167
151 168
152 169
154 170
156 171
157 173
159 174
160 175
162 176
164 177
165 178
167 179
168 180
170 181
171 182
173 184
175 185
176 186
178 187
179 188
181 189
182 189
183 188
184 188
182 187
181 186
179 185
178 184
176 182
175 181
173 180
171 179
170 178
168 177
167 176
165 175
163 173
162 172
160 171
159 170
157 169
156 168
154 167
152 166
151 165
149 163
148 162
146 161
144 160
143 159
141 158
140 157
138 156
137 155
135 153
133 152
132 151
130 150
129 149
127 148
125 147
124 146
122 144
121 143
119 142
118 141
116 140
117 140
119 140
120 140
121 140
123 141
124 142
126 143
127 145
129 146
131 147
132 148
134 149
136 150
137 151
139 152
140 154
142 155
144 156
145 157
147 158
148 159
150 160
152 161
153 163
155 164
157 165
158 166
160 167
161 168
163 169
165 170
166 172
168 173
169 174
171 175
173 176
174 177
176 178
178 179
179 181
181 182
182 183
184 184
184 183
184 181
184 180
182 179
181 178
179 177
178 176
176 174
174 173
173 172
171 171
170 170
168 169
166 168
165 167
163 166
161 164
160 163
158 162
157 161
155 160
153 159
152 158
150 157
149 156
147 154
145 153
144 152
142 151
141 150
139 149
137 148
136 147
134 146
132 144
131 143
129 142
128 141
126 140
128 140
129 140
131 140
132 140
134 141
135 142
137 143
138 144
140 146
141 147
143 148
145 149
146 150
148 151
149 152
151 153
152 155
154 156
156 157
157 158
159 159
160 160
162 161
164 162
165 164
167 165
168 166
170 167
171 168
173 169
175 170
176 171
178 173
179 174
181 175
182 176
184 177
183 176
181 175
180 175
178 174
177 173
177 172
177 170
177 169
177 168
175 167
174 166
172 165
171 164
169 162
167 161
166 160
164 159
163 158
161 157
159 156
158 155
156 153
155 152
153 151
151 150
150 149
148 148
147 147
145 146
143 144
142 143
140 142
139 141
137 140
138 140
140 140
141 140
142 140
144 141
145 142
147 143
148 144
150 145
152 147
153 148
155 149
156 150
158 151
160 152
161 153
163 154
164 155
166 156
167 157
169 159
171 160
172 161
174 162
175 163
177 164
177 163
176 161
176 160
174 159
173 158
171 157
170 156
168 155
167 154
165 153
164 152
162 151
161 149
159 148
158 147
156 146
155 145
153 144
152 143
150 142
149 141
147 140
149 140
150 140
152 140
153 140
155 141
156 142
158 143
159 145
161 146
162 147
164 148
165 149
167 150
168 151
170 152
171 154
173 155
174 156
176 157
176 156
176 154
176 153
175 152
173 151
172 150
170 149
169 148
167 146
166 145
164 144
163 143
161 142
160 141
158 140
159 140
161 140
162 140
163 140
164 141
166 142
167 143
169 144
170 145
171 146
173 147
174 148
176 149
177 150
178 149
179 149
180 148
179 147
177 146
176 145
174 144
173 143
171 142
170 141
168 140
170 140
171 140
173 140
174 140
175 141
177 142
178 143
179 144
180 145
182 146
183 147
183 146
184 145
184 144
183 143
182 142
180 141
179 140
180 140
182 140
183 140
184 140
