137 177
136 178
135 179
133 180
132 181
131 183
130 184
128 185
127 186
129 186
131 186
133 186
135 186
137 186
139 186
141 186
142 186
144 186
146 186
148 186
150 186
152 186
154 186
156 186
158 186
160 186
162 186
164 186
166 186
168 186
170 186
172 186
173 186
175 186
177 186
179 186
181 186
183 186
185 186
187 186
187 185
187 184
187 183
185 183
183 183
181 183
179 183
177 183
175 183
173 183
172 183
170 183
168 183
166 183
164 183
162 183
160 183
158 183
156 183
154 183
152 183
150 183
148 183
146 183
144 183
142 183
141 183
139 183
137 183
135 183
133 183
131 183
129 183
127 183
127 182
127 181
127 180
129 180
131 180
133 180
135 180
137 180
139 180
141 180
142 180
144 180
146 180
148 180
150 180
152 180
154 180
156 180
158 180
160 180
162 180
164 180
166 180
168 180
170 180
172 180
173 180
175 180
177 180
179 180
181 180
183 180
185 180
187 180
187 179
187 178
187 177
185 177
183 177
181 177
179 177
177 177
175 177
173 177
172 177
170 177
168 177
166 177
164 177
162 177
160 177
158 177
156 177
154 177
152 177
150 177
148 177
146 177
144 177
142 177
141 177
139 177
137 177
135 177
133 177
131 177
129 177
127 177
127 176
127 175
127 174
129 174
131 174
133 174
135 174
137 174
139 174
141 174
142 174
144 174
146 174
148 174
150 174
152 174
154 174
156 174
158 174
160 174
162 174
164 174
166 174
168 174
170 174
172 174
173 174
175 174
177 174
179 174
181 174
183 174
185 174
187 174
185 174
184 174
182 173
180 173
179 173
177 173
177 172
177 171
175 171
173 171
171 171
169 171
167 171
165 171
164 171
162 171
160 171
158 171
156 171
154 171
152 171
150 171
148 171
146 171
144 171
142 171
140 171
139 171
137 171
135 171
133 171
131 171
129 171
127 171
127 170
127 169
127 168
129 168
131 168
133 168
135 168
137 168
139 168
140 168
142 168
144 168
146 168
148 168
150 168
152 168
154 168
156 168
158 168
160 168
162 168
164 168
165 168
167 168
169 168
171 168
173 168
175 168
177 168
177 167
177 166
177 165
175 165
173 165
171 165
169 165
167 165
165 165
164 165
162 165
160 165
158 165
156 165
154 165
152 165
150 165
148 165
146 165
144 165
142 165
140 165
139 165
137 165
135 165
133 165
131 165
129 165
127 165
127 164
127 163
127 162
129 162
131 162
133 162
135 162
137 162
139 162
140 162
142 162
144 162
146 162
148 162
150 162
152 162
154 162
156 162
158 162
160 162
162 162
164 162
165 162
167 162
169 162
171 162
173 162
175 162
177 162
177 161
176 160
176 159
174 159
172 159
170 159
168 159
167 159
165 159
163 159
161 159
159 159
157 159
155 159
153 159
152 159
150 159
148 159
146 159
144 159
142 159
140 159
138 159
136 159
135 159
133 159
131 159
129 159
127 159
127 158
127 157
127 156
129 156
131 156
133 156
135 156
136 156
138 156
140 156
142 156
144 156
146 156
148 156
150 156
152 156
153 156
155 156
157 156
159 156
161 156
163 156
165 156
167 156
168 156
170 156
172 156
174 156
176 156
176 155
176 154
176 153
174 153
172 153
170 153
168 153
167 153
165 153
163 153
161 153
159 153
157 153
155 153
153 153
152 153
150 153
148 153
146 153
144 153
142 153
140 153
138 153
136 153
135 153
133 153
131 153
129 153
127 153
127 152
127 151
127 150
129 150
131 150
133 150
135 150
136 150
138 150
140 150
142 150
144 150
146 150
148 150
150 150
152 150
153 150
155 150
157 150
159 150
161 150
163 150
165 150
167 150
169 150
170 150
172 150
174 150
176 150
178 150
179 149
181 149
182 148
184 148
185 147
183 147
181 147
179 147
177 147
175 147
173 147
171 147
170 147
168 147
166 147
164 147
162 147
160 147
158 147
156 147
154 147
152 147
150 147
148 147
146 147
144 147
142 147
141 147
139 147
137 147
135 147
133 147
131 147
129 147
127 147
127 146
127 145
127 144
129 144
131 144
133 144
135 144
137 144
139 144
141 144
142 144
144 144
146 144
148 144
150 144
152 144
154 144
156 144
158 144
160 144
162 144
164 144
166 144
168 144
170 144
172 144
173 144
175 144
177 144
179 144
181 144
183 144
185 144
187 144
187 143
187 142
185 142
183 142
181 142
179 142
177 142
175 142
173 142
172 142
170 142
168 142
166 142
164 142
162 142
160 142
158 142
156 142
154 142
152 142
150 142
148 142
146 142
144 142
142 142
141 142
139 142
137 142
135 142
133 142
131 142
129 142
127 142
