418 470
417 471
416 473
415 474
414 476
412 477
411 479
410 480
409 482
408 483
410 483
412 483
414 483
416 483
418 483
420 483
422 483
424 483
426 483
428 483
430 483
432 483
433 483
435 483
437 483
439 483
441 483
443 483
445 483
447 483
449 483
451 483
453 483
455 483
457 483
459 483
461 483
463 483
465 483
467 483
469 483
471 483
473 483
475 483
477 483
479 483
481 483
482 483
484 483
486 483
488 483
490 483
492 483
494 483
496 483
498 483
500 483
502 483
504 483
506 483
506 482
506 481
506 480
504 480
502 480
500 480
498 480
496 480
494 480
492 480
490 480
488 480
486 480
484 480
482 480
481 480
479 480
477 480
475 480
473 480
471 480
469 480
467 480
465 480
463 480
461 480
459 480
457 480
455 480
453 480
451 480
449 480
447 480
445 480
443 480
441 480
439 480
437 480
435 480
433 480
432 480
430 480
428 480
426 480
424 480
422 480
420 480
418 480
416 480
414 480
412 480
410 480
408 480
408 479
408 478
408 477
410 477
412 477
414 477
416 477
418 477
420 477
422 477
424 477
426 477
428 477
430 477
432 477
433 477
435 477
437 477
439 477
441 477
443 477
445 477
447 477
449 477
451 477
453 477
455 477
457 477
459 477
461 477
463 477
465 477
467 477
469 477
471 477
473 477
475 477
477 477
479 477
481 477
482 477
484 477
486 477
488 477
490 477
492 477
494 477
496 477
498 477
500 477
502 477
504 477
506 477
506 476
506 475
506 474
504 474
502 474
500 474
498 474
496 474
494 474
492 474
490 474
488 474
486 474
484 474
482 474
481 474
479 474
477 474
475 474
473 474
471 474
469 474
467 474
465 474
463 474
461 474
459 474
457 474
455 474
453 474
451 474
449 474
447 474
445 474
443 474
441 474
439 474
437 474
435 474
433 474
432 474
430 474
428 474
426 474
424 474
422 474
420 474
418 474
416 474
414 474
412 474
410 474
408 474
408 473
408 472
408 471
410 471
412 471
414 471
416 471
418 471
420 471
422 471
424 471
426 471
428 471
430 471
432 471
433 471
435 471
437 471
439 471
441 471
443 471
445 471
447 471
449 471
451 471
453 471
455 471
457 471
459 471
461 471
463 471
465 471
467 471
469 471
471 471
473 471
475 471
477 471
479 471
481 471
482 471
484 471
486 471
488 471
490 471
492 471
494 471
496 471
498 471
500 471
502 471
504 471
506 471
506 470
506 469
506 468
504 468
502 468
500 468
498 468
496 468
494 468
492 468
490 468
488 468
486 468
484 468
482 468
481 468
479 468
477 468
475 468
473 468
471 468
469 468
467 468
465 468
463 468
461 468
459 468
457 468
455 468
453 468
451 468
449 468
447 468
445 468
443 468
441 468
439 468
437 468
435 468
433 468
432 468
430 468
428 468
426 468
424 468
422 468
420 468
418 468
416 468
414 468
412 468
410 468
408 468
408 467
408 466
408 465
410 465
412 465
414 465
416 465
418 465
420 465
422 465
424 465
426 465
428 465
430 465
432 465
433 465
435 465
437 465
439 465
441 465
443 465
445 465
447 465
449 465
451 465
453 465
455 465
457 465
459 465
461 465
463 465
465 465
467 465
469 465
471 465
473 465
475 465
477 465
479 465
481 465
482 465
484 465
486 465
488 465
490 465
492 465
494 465
496 465
498 465
500 465
502 465
504 465
506 465
506 464
506 463
506 462
504 462
502 462
500 462
498 462
496 462
494 462
492 462
490 462
488 462
486 462
484 462
482 462
481 462
479 462
477 462
475 462
473 462
471 462
469 462
467 462
465 462
463 462
461 462
459 462
457 462
455 462
453 462
451 462
449 462
447 462
445 462
443 462
441 462
439 462
437 462
435 462
433 462
432 462
430 462
428 462
426 462
424 462
422 462
420 462
418 462
416 462
414 462
412 462
410 462
408 462
408 461
408 460
408 459
410 459
412 459
414 459
416 459
418 459
420 459
422 459
424 459
426 459
428 459
430 459
432 459
433 459
435 459
437 459
439 459
441 459
443 459
445 459
447 459
449 459
451 459
453 459
455 459
457 459
459 459
461 459
463 459
465 459
467 459
469 459
471 459
473 459
475 459
477 459
479 459
481 459
482 459
484 459
486 459
488 459
490 459
492 459
494 459
496 459
498 459
500 459
502 459
504 459
506 459
505 459
504 459
502 459
501 459
499 459
498 459
496 458
494 458
493 458
491 458
489 457
488 457
486 457
486 455
486 454
486 452
486 450
485 449
485 447
485 445
485 444
485 442
486 441
488 440
489 439
490 438
492 437
493 436
491 436
489 436
487 436
485 436
483 436
481 436
479 436
478 436
476 436
474 436
472 436
470 436
468 436
466 436
464 436
462 436
460 436
458 436
456 436
454 436
452 436
451 436
449 436
447 436
445 436
443 436
441 436
439 436
437 436
435 436
433 436
431 436
429 436
427 436
425 436
423 436
422 436
420 436
418 436
416 436
414 436
412 436
410 436
408 436
408 437
408 438
408 439
410 439
412 439
414 439
416 439
418 439
420 439
422 439
423 439
425 439
427 439
429 439
431 439
433 439
435 439
437 439
439 439
441 439
443 439
445 439
447 439
449 439
450 439
452 439
454 439
456 439
458 439
460 439
462 439
464 439
466 439
468 439
470 439
472 439
474 439
476 439
477 439
479 439
481 439
483 439
485 439
487 439
489 439
488 440
487 440
486 441
485 442
483 442
481 442
479 442
477 442
475 442
473 442
472 442
470 442
468 442
466 442
464 442
462 442
460 442
458 442
456 442
454 442
452 442
450 442
448 442
447 442
445 442
443 442
441 442
439 442
437 442
435 442
433 442
431 442
429 442
427 442
425 442
423 442
421 442
420 442
418 442
416 442
414 442
412 442
410 442
408 442
408 443
408 444
408 445
410 445
412 445
414 445
416 445
418 445
420 445
421 445
423 445
425 445
427 445
429 445
431 445
433 445
435 445
437 445
439 445
441 445
443 445
445 445
447 445
448 445
450 445
452 445
454 445
456 445
458 445
460 445
462 445
464 445
466 445
468 445
470 445
472 445
473 445
475 445
477 445
479 445
481 445
483 445
485 445
485 446
485 447
485 448
483 448
481 448
479 448
477 448
475 448
473 448
472 448
470 448
468 448
466 448
464 448
462 448
460 448
458 448
456 448
454 448
452 448
450 448
448 448
447 448
445 448
443 448
441 448
439 448
437 448
435 448
433 448
431 448
429 448
427 448
425 448
423 448
421 448
420 448
418 448
416 448
414 448
412 448
410 448
408 448
408 449
408 450
408 451
410 451
412 451
414 451
416 451
418 451
420 451
422 451
424 451
426 451
428 451
429 451
431 451
433 451
435 451
437 451
439 451
441 451
443 451
445 451
447 451
449 451
451 451
453 451
455 451
457 451
459 451
461 451
463 451
465 451
467 451
468 451
470 451
472 451
474 451
476 451
478 451
480 451
482 451
484 451
486 451
486 452
486 453
486 454
484 454
482 454
480 454
478 454
476 454
474 454
472 454
470 454
468 454
467 454
465 454
463 454
461 454
459 454
457 454
455 454
453 454
451 454
449 454
447 454
445 454
443 454
441 454
439 454
437 454
435 454
433 454
431 454
429 454
428 454
426 454
424 454
422 454
420 454
418 454
416 454
414 454
412 454
410 454
408 454
408 455
408 456
408 457
410 457
412 457
414 457
416 457
418 457
420 457
422 457
424 457
426 457
428 457
429 457
431 457
433 457
435 457
437 457
439 457
441 457
443 457
445 457
447 457
449 457
451 457
453 457
455 457
457 457
459 457
461 457
463 457
465 457
467 457
468 457
470 457
472 457
474 457
476 457
478 457
480 457
482 457
484 457
486 457
488 457
489 457
491 458
493 458
494 458
496 458
498 459
499 459
501 459
499 459
497 459
495 459
493 459
491 459
489 459
487 459
486 459
484 459
482 459
480 459
478 459
476 459
474 459
472 459
470 459
468 459
466 459
464 459
462 459
460 459
458 459
456 459
455 459
453 459
451 459
449 459
447 459
445 459
443 459
441 459
439 459
437 459
435 459
433 459
431 459
429 459
427 459
425 459
424 459
422 459
420 459
418 459
416 459
414 459
412 459
410 459
408 459
410 458
412 458
414 457
416 457
417 456
419 456
421 455
423 455
425 454
427 454
429 453
431 453
433 452
434 452
436 451
438 451
440 450
442 450
444 449
446 449
448 448
450 448
451 447
453 447
455 446
457 446
459 445
461 445
463 444
465 444
467 443
468 443
470 442
472 442
474 441
476 441
478 440
480 440
482 439
484 439
485 438
487 438
489 437
491 437
493 436
495 436
496 436
498 436
500 436
501 436
503 436
504 436
506 436
504 436
502 436
500 436
498 436
496 436
494 436
492 436
490 436
488 436
486 436
484 436
482 436
481 436
479 436
477 436
475 436
473 436
471 436
469 436
467 436
465 436
463 436
461 436
459 436
457 436
455 436
453 436
451 436
449 436
447 436
445 436
443 436
441 436
439 436
437 436
435 436
433 436
432 436
430 436
428 436
426 436
424 436
422 436
420 436
418 436
416 436
414 436
412 436
410 436
408 436
408 435
408 435
410 435
412 435
414 435
416 435
418 435
420 435
422 435
424 435
426 435
428 435
430 435
432 435
433 435
435 435
437 435
439 435
441 435
443 435
445 435
447 435
449 435
451 435
453 435
455 435
457 435
459 435
461 435
463 435
465 435
467 435
469 435
471 435
473 435
475 435
477 435
479 435
481 435
482 435
484 435
486 435
488 435
490 435
492 435
494 435
496 435
498 435
500 435
502 435
504 435
506 435
506 434
506 433
506 432
504 432
502 432
500 432
498 432
496 432
494 432
492 432
490 432
488 432
486 432
484 432
482 432
481 432
479 432
477 432
475 432
473 432
471 432
469 432
467 432
465 432
463 432
461 432
459 432
457 432
455 432
453 432
451 432
449 432
447 432
445 432
443 432
441 432
439 432
437 432
435 432
433 432
432 432
430 432
428 432
426 432
424 432
422 432
420 432
418 432
416 432
414 432
412 432
410 432
408 432
408 431
408 430
408 429
410 429
412 429
414 429
416 429
418 429
420 429
422 429
424 429
426 429
428 429
430 429
432 429
433 429
435 429
437 429
439 429
441 429
443 429
445 429
447 429
449 429
451 429
453 429
455 429
457 429
459 429
461 429
463 429
465 429
467 429
469 429
471 429
473 429
475 429
477 429
479 429
481 429
482 429
484 429
486 429
488 429
490 429
492 429
494 429
496 429
498 429
500 429
502 429
504 429
506 429
506 428
506 427
506 426
504 426
502 426
500 426
498 426
496 426
494 426
492 426
490 426
488 426
486 426
484 426
482 426
481 426
479 426
477 426
475 426
473 426
471 426
469 426
467 426
465 426
463 426
461 426
459 426
457 426
455 426
453 426
451 426
449 426
447 426
445 426
443 426
441 426
439 426
437 426
435 426
433 426
432 426
430 426
428 426
426 426
424 426
422 426
420 426
418 426
416 426
414 426
412 426
410 426
408 426
408 425
408 424
408 423
410 423
412 423
414 423
416 423
418 423
420 423
422 423
424 423
426 423
428 423
430 423
432 423
433 423
435 423
437 423
439 423
441 423
443 423
445 423
447 423
449 423
451 423
453 423
455 423
457 423
459 423
461 423
463 423
465 423
467 423
469 423
471 423
473 423
475 423
477 423
479 423
481 423
482 423
484 423
486 423
488 423
490 423
492 423
494 423
496 423
498 423
500 423
502 423
504 423
506 423
506 422
506 421
506 420
504 420
502 420
500 420
498 420
496 420
494 420
492 420
490 420
488 420
486 420
484 420
482 420
481 420
479 420
477 420
475 420
473 420
471 420
469 420
467 420
465 420
463 420
461 420
459 420
457 420
455 420
453 420
451 420
449 420
447 420
445 420
443 420
441 420
439 420
437 420
435 420
433 420
432 420
430 420
428 420
426 420
424 420
422 420
420 420
418 420
416 420
414 420
412 420
410 420
408 420
408 419
408 418
408 417
410 417
412 417
414 417
416 417
418 417
420 417
422 417
424 417
426 417
428 417
430 417
432 417
433 417
435 417
437 417
439 417
441 417
443 417
445 417
447 417
449 417
451 417
453 417
455 417
457 417
459 417
461 417
463 417
465 417
467 417
469 417
471 417
473 417
475 417
477 417
479 417
481 417
482 417
484 417
486 417
488 417
490 417
492 417
494 417
496 417
498 417
500 417
502 417
504 417
506 417
506 416
506 415
506 414
504 414
502 414
500 414
498 414
496 414
494 414
492 414
490 414
488 414
486 414
484 414
482 414
481 414
479 414
477 414
475 414
473 414
471 414
469 414
467 414
465 414
463 414
461 414
459 414
457 414
455 414
453 414
451 414
449 414
447 414
445 414
443 414
441 414
439 414
437 414
435 414
433 414
432 414
430 414
428 414
426 414
424 414
422 414
420 414
418 414
416 414
414 414
412 414
410 414
408 414
408 413
408 412
408 411
410 411
412 411
414 411
416 411
418 411
420 411
422 411
424 411
426 411
428 411
430 411
432 411
433 411
435 411
437 411
439 411
441 411
443 411
445 411
447 411
449 411
451 411
453 411
455 411
457 411
459 411
461 411
463 411
465 411
467 411
469 411
471 411
473 411
475 411
477 411
479 411
481 411
482 411
484 411
486 411
488 411
490 411
492 411
494 411
496 411
498 411
500 411
502 411
504 411
506 411
506 410
506 409
506 408
504 408
502 408
500 408
498 408
496 408
494 408
492 408
490 408
488 408
486 408
484 408
482 408
481 408
479 408
477 408
475 408
473 408
471 408
469 408
467 408
465 408
463 408
461 408
459 408
457 408
455 408
453 408
451 408
449 408
447 408
445 408
443 408
441 408
439 408
437 408
435 408
433 408
432 408
430 408
428 408
426 408
424 408
422 408
420 408
418 408
416 408
414 408
412 408
410 408
408 408
408 407
408 406
408 405
410 405
412 405
414 405
416 405
418 405
420 405
422 405
424 405
426 405
428 405
430 405
432 405
433 405
435 405
437 405
439 405
441 405
443 405
445 405
447 405
449 405
451 405
453 405
455 405
457 405
459 405
461 405
463 405
465 405
467 405
469 405
471 405
473 405
475 405
477 405
479 405
481 405
482 405
484 405
486 405
488 405
490 405
492 405
494 405
496 405
498 405
500 405
502 405
504 405
506 405
506 404
506 403
506 402
504 402
502 402
500 402
498 402
496 402
494 402
492 402
490 402
488 402
486 402
484 402
482 402
481 402
479 402
477 402
475 402
473 402
471 402
469 402
467 402
465 402
463 402
461 402
459 402
457 402
455 402
453 402
451 402
449 402
447 402
445 402
443 402
441 402
439 402
437 402
435 402
433 402
432 402
430 402
428 402
426 402
424 402
422 402
420 402
418 402
416 402
414 402
412 402
410 402
408 402
408 401
408 400
408 399
410 399
412 399
414 399
416 399
418 399
420 399
422 399
424 399
426 399
428 399
430 399
432 399
433 399
435 399
437 399
439 399
441 399
443 399
445 399
447 399
449 399
451 399
453 399
455 399
457 399
459 399
461 399
463 399
465 399
467 399
469 399
471 399
473 399
475 399
477 399
479 399
481 399
482 399
484 399
486 399
488 399
490 399
492 399
494 399
496 399
498 399
500 399
502 399
504 399
506 399
506 398
506 397
506 396
504 396
502 396
500 396
498 396
496 396
494 396
492 396
490 396
488 396
486 396
484 396
482 396
481 396
479 396
477 396
475 396
473 396
471 396
469 396
467 396
465 396
463 396
461 396
459 396
457 396
455 396
453 396
451 396
449 396
447 396
445 396
443 396
441 396
439 396
437 396
435 396
433 396
432 396
430 396
428 396
426 396
424 396
422 396
420 396
418 396
416 396
414 396
412 396
410 396
408 396
408 395
408 394
408 393
410 393
412 393
414 393
416 393
418 393
420 393
422 393
424 393
426 393
428 393
430 393
432 393
433 393
435 393
437 393
439 393
441 393
443 393
445 393
447 393
449 393
451 393
453 393
455 393
457 393
459 393
461 393
463 393
465 393
467 393
469 393
471 393
473 393
475 393
477 393
479 393
481 393
482 393
484 393
486 393
488 393
490 393
492 393
494 393
496 393
498 393
500 393
502 393
504 393
506 393
506 392
506 391
506 390
504 390
502 390
500 390
498 390
496 390
494 390
492 390
490 390
488 390
486 390
484 390
482 390
481 390
479 390
477 390
475 390
473 390
471 390
469 390
467 390
465 390
463 390
461 390
459 390
457 390
455 390
453 390
451 390
449 390
447 390
445 390
443 390
441 390
439 390
437 390
435 390
433 390
432 390
430 390
428 390
426 390
424 390
422 390
420 390
418 390
416 390
414 390
412 390
410 390
408 390
408 389
408 388
408 387
410 387
412 387
414 387
416 387
418 387
420 387
422 387
424 387
426 387
428 387
430 387
432 387
433 387
435 387
437 387
439 387
441 387
443 387
445 387
447 387
449 387
451 387
453 387
455 387
457 387
459 387
461 387
463 387
465 387
467 387
469 387
471 387
473 387
475 387
477 387
479 387
481 387
482 387
484 387
486 387
488 387
490 387
492 387
494 387
496 387
498 387
500 387
502 387
504 387
506 387
506 386
506 385
506 384
504 384
502 384
500 384
498 384
496 384
494 384
492 384
490 384
488 384
486 384
484 384
482 384
481 384
479 384
477 384
475 384
473 384
471 384
469 384
467 384
465 384
463 384
461 384
459 384
457 384
455 384
453 384
451 384
449 384
447 384
445 384
443 384
441 384
439 384
437 384
435 384
433 384
432 384
430 384
428 384
426 384
424 384
422 384
420 384
418 384
416 384
414 384
412 384
410 384
408 384
408 383
408 382
408 381
410 381
412 381
414 381
416 381
418 381
420 381
422 381
424 381
426 381
428 381
430 381
432 381
433 381
435 381
437 381
439 381
441 381
443 381
445 381
447 381
449 381
451 381
453 381
455 381
457 381
459 381
461 381
463 381
465 381
467 381
469 381
471 381
473 381
475 381
477 381
479 381
481 381
482 381
484 381
486 381
488 381
490 381
492 381
494 381
496 381
498 381
500 381
502 381
504 381
506 381
506 383
506 385
506 387
506 389
506 390
506 392
506 394
506 396
506 398
506 400
506 402
506 404
506 406
506 408
506 409
506 411
506 413
506 415
506 417
506 419
506 421
506 423
506 425
506 427
506 428
506 430
506 432
506 434
506 436
506 436
505 436
504 436
503 436
504 436
505 437
506 437
506 438
506 439
506 440
504 439
503 439
501 438
500 438
498 437
496 437
495 436
493 436
493 436
495 436
496 436
498 436
500 436
501 436
503 436
504 436
506 436
506 434
506 432
506 430
506 428
506 427
506 425
506 423
506 421
506 419
506 417
506 415
506 413
506 411
506 409
506 408
506 406
506 404
506 402
506 400
506 398
506 396
506 394
506 392
506 390
506 389
506 387
506 385
506 383
506 381
506 383
505 385
505 387
504 389
504 390
503 392
503 394
502 396
502 398
502 400
501 402
501 404
500 406
500 408
499 409
499 411
498 413
498 415
497 417
497 419
497 421
496 423
496 425
495 427
495 428
494 430
494 432
493 434
493 436
493 436
491 437
489 437
487 438
485 438
484 439
482 439
480 440
478 440
476 441
474 441
472 442
470 442
468 443
467 443
465 444
463 444
461 445
459 445
457 446
455 446
453 447
451 447
450 448
448 448
446 449
444 449
442 450
440 450
438 451
436 451
434 452
433 452
431 453
429 453
427 454
425 454
423 455
421 455
419 456
417 456
416 457
414 457
412 458
410 458
408 459
410 459
412 459
414 459
416 459
418 459
420 459
422 459
424 459
425 459
427 459
429 459
431 459
433 459
435 459
437 459
439 459
441 459
443 459
445 459
447 459
449 459
451 459
453 459
455 459
456 459
458 459
460 459
462 459
464 459
466 459
468 459
470 459
472 459
474 459
476 459
478 459
480 459
482 459
484 459
486 459
487 459
489 459
491 459
493 459
495 459
497 459
499 459
501 459
502 459
504 459
505 459
506 459
506 459
505 459
504 459
502 459
501 459
502 458
504 457
505 456
506 455
