151 170
150 169
149 167
147 166
146 164
145 163
144 161
142 160
141 158
140 157
139 155
137 154
136 152
135 151
134 149
132 148
131 146
130 145
130 145
130 146
131 145
131 145
132 145
134 145
135 145
134 146
133 147
132 149
131 150
130 151
130 152
130 153
130 155
130 156
131 155
132 153
133 152
135 150
136 149
137 148
138 146
139 145
140 145
142 145
143 145
142 146
141 148
139 149
138 150
137 152
136 153
135 155
134 156
132 157
131 159
130 160
130 161
130 162
130 164
130 165
131 164
132 162
134 161
135 159
136 158
137 156
139 155
140 154
141 152
142 151
143 149
145 148
146 146
147 145
148 145
150 145
151 145
150 146
149 148
147 149
146 151
145 152
144 154
142 155
141 157
140 158
139 160
137 161
136 163
135 164
134 166
132 167
131 169
130 170
130 171
130 173
130 174
131 173
133 171
134 170
135 168
136 167
138 165
139 164
140 162
141 161
143 159
144 158
145 157
146 155
148 154
149 152
150 151
151 149
153 148
154 146
155 145
156 145
158 145
159 145
158 146
156 148
155 149
154 151
153 152
151 154
150 155
149 157
148 158
146 160
145 161
144 163
143 164
141 166
140 167
139 169
138 170
136 172
135 173
134 175
133 176
131 178
130 179
130 180
130 181
130 183
130 184
131 182
132 181
134 179
135 178
136 176
137 175
139 173
140 172
141 170
142 169
144 167
145 166
146 164
147 163
148 161
150 160
151 158
152 157
153 155
155 154
156 152
157 151
158 149
160 148
161 146
162 145
163 145
165 145
166 145
165 146
164 148
162 149
161 151
160 152
159 154
157 155
156 157
155 158
154 160
152 161
151 163
150 164
149 166
147 167
146 169
145 170
144 172
142 173
141 175
140 176
139 178
137 179
136 181
135 182
134 184
132 185
131 187
130 188
131 188
133 188
134 188
135 187
136 185
138 184
139 182
140 181
141 179
143 178
144 176
145 175
146 173
148 172
149 170
150 169
151 167
153 166
154 164
155 163
156 161
158 160
159 158
160 157
161 155
163 154
164 152
165 151
166 149
168 148
169 146
170 145
171 145
173 145
174 145
173 146
172 148
170 149
169 151
168 152
167 154
165 155
164 157
163 158
162 160
160 161
159 163
158 164
157 166
155 167
154 169
153 170
152 172
150 173
149 175
148 176
147 178
145 179
144 181
143 182
142 184
140 185
139 187
138 188
139 188
141 188
142 188
143 187
144 185
146 184
147 182
148 181
149 179
151 178
152 176
153 175
154 173
156 172
157 170
158 169
159 167
161 166
162 164
163 163
164 161
166 160
167 158
168 157
169 155
171 154
172 152
173 151
174 149
176 148
177 146
178 145
179 145
181 145
182 145
181 146
180 148
178 149
177 151
176 152
175 154
173 155
172 157
171 158
170 160
168 161
167 163
166 164
165 166
163 167
162 169
161 170
160 172
158 173
157 175
156 176
155 178
153 179
152 181
151 182
150 184
148 185
147 187
146 188
147 188
147 188
148 187
149 185
151 184
152 182
153 181
154 179
155 178
157 176
158 175
159 173
160 172
162 170
163 169
164 168
165 166
166 165
168 163
169 162
170 160
171 159
172 157
174 156
175 154
176 153
176 154
177 156
177 157
176 158
175 160
173 161
172 163
171 164
170 166
168 167
167 169
166 170
165 172
163 173
162 175
161 176
160 178
158 179
157 181
156 182
155 184
153 185
152 187
151 188
152 188
154 188
155 188
156 187
157 185
159 184
160 182
161 181
162 179
163 178
165 177
166 175
167 174
168 172
170 171
171 170
172 168
173 167
174 165
176 164
177 162
178 161
178 162
178 164
178 165
177 166
176 168
174 169
173 171
172 172
171 174
170 175
169 176
167 178
166 179
165 181
164 182
163 184
161 185
160 187
159 188
160 188
161 188
162 188
163 187
164 185
166 184
167 182
168 181
169 179
171 178
172 177
173 175
174 174
175 172
177 171
178 169
179 168
179 169
179 171
179 172
178 173
177 175
175 176
174 178
173 179
172 181
171 182
170 184
168 185
167 187
166 188
167 188
169 188
170 188
171 187
172 185
173 184
174 183
176 181
177 180
178 179
179 177
180 176
180 177
181 179
181 180
180 181
179 183
178 184
176 185
175 187
174 188
175 188
177 188
178 188
179 187
180 186
180 185
181 184
181 185
182 187
182 188
