135 185
137 185
139 185
141 186
143 186
144 186
146 186
148 186
150 187
152 187
154 187
156 187
158 187
159 188
161 188
163 188
165 188
167 188
169 189
171 189
173 189
174 189
176 189
178 190
180 190
182 190
180 190
178 190
176 190
174 190
172 190
170 190
169 190
167 190
165 190
163 190
161 190
159 190
157 190
155 190
153 190
151 190
149 190
147 190
145 190
143 190
142 190
140 190
138 190
136 190
134 190
132 190
130 190
128 190
128 189
128 188
130 188
132 188
134 188
136 188
138 188
140 188
142 188
143 188
145 188
147 188
149 188
151 188
153 188
155 188
157 188
159 188
161 188
163 188
165 188
167 188
169 188
170 188
172 188
174 188
176 188
178 188
180 188
182 188
182 187
181 186
181 185
179 185
177 185
175 185
173 185
172 185
170 185
168 185
166 185
164 185
162 185
160 185
158 185
156 185
155 185
153 185
151 185
149 185
147 185
145 185
143 185
141 185
139 185
137 185
136 185
134 185
132 185
130 185
128 185
128 184
128 183
128 182
130 182
132 182
134 182
136 182
137 182
139 182
141 182
143 182
145 182
147 182
149 182
151 182
153 182
155 182
156 182
158 182
160 182
162 182
164 182
166 182
168 182
170 182
172 182
173 182
175 182
177 182
179 182
181 182
181 181
180 180
180 179
178 179
176 179
174 179
172 179
170 179
168 179
167 179
165 179
163 179
161 179
159 179
157 179
155 179
153 179
151 179
149 179
147 179
145 179
143 179
141 179
140 179
138 179
136 179
134 179
132 179
130 179
128 179
128 178
128 177
128 176
130 176
132 176
134 176
136 176
138 176
140 176
141 176
143 176
145 176
147 176
149 176
151 176
153 176
155 176
157 176
159 176
161 176
163 176
165 176
167 176
168 176
170 176
172 176
174 176
176 176
178 176
180 176
180 175
179 174
179 173
177 173
175 173
173 173
171 173
170 173
168 173
166 173
164 173
162 173
160 173
158 173
156 173
154 173
153 173
151 173
149 173
147 173
145 173
143 173
141 173
139 173
137 173
136 173
134 173
132 173
130 173
128 173
128 172
128 171
128 170
130 170
132 170
134 170
136 170
137 170
139 170
141 170
143 170
145 170
147 170
149 170
151 170
153 170
154 170
156 170
158 170
160 170
162 170
164 170
166 170
168 170
170 170
171 170
173 170
175 170
177 170
179 170
179 169
178 168
178 167
176 167
174 167
172 167
170 167
168 167
166 167
165 167
163 167
161 167
159 167
157 167
155 167
153 167
151 167
149 167
147 167
145 167
143 167
141 167
140 167
138 167
136 167
134 167
132 167
130 167
128 167
128 166
128 165
128 164
130 164
132 164
134 164
136 164
138 164
140 164
141 164
143 164
145 164
147 164
149 164
151 164
153 164
155 164
157 164
159 164
161 164
163 164
165 164
166 164
168 164
170 164
172 164
174 164
176 164
178 164
178 163
178 162
178 161
176 161
174 161
172 161
170 161
168 161
166 161
165 161
163 161
161 161
159 161
157 161
155 161
153 161
151 161
149 161
147 161
145 161
143 161
141 161
140 161
138 161
136 161
134 161
132 161
130 161
128 161
128 160
128 159
128 158
130 158
132 158
134 158
136 158
137 158
139 158
141 158
143 158
145 158
147 158
149 158
151 158
153 158
154 158
156 158
158 158
160 158
162 158
164 158
166 158
168 158
169 158
171 158
173 158
175 158
177 158
177 157
177 156
177 155
175 155
173 155
171 155
169 155
168 155
166 155
164 155
162 155
160 155
158 155
156 155
154 155
153 155
151 155
149 155
147 155
145 155
143 155
141 155
139 155
137 155
136 155
134 155
132 155
130 155
128 155
128 154
128 153
128 152
130 152
132 152
134 152
136 152
138 152
140 152
141 152
143 152
145 152
147 152
149 152
151 152
153 152
155 152
157 152
159 152
161 152
163 152
164 152
166 152
168 152
170 152
172 152
174 152
176 152
176 151
176 151
177 150
177 149
175 149
173 149
171 149
169 149
168 149
166 149
164 149
162 149
160 149
158 149
156 149
154 149
153 149
151 149
149 149
147 149
145 149
143 149
141 149
139 149
137 149
136 149
134 149
132 149
130 149
128 149
128 148
128 147
128 146
130 146
132 146
134 146
136 146
137 146
139 146
141 146
143 146
145 146
147 146
149 146
151 146
153 146
154 146
156 146
158 146
160 146
162 146
164 146
166 146
168 146
170 146
171 146
173 146
175 146
177 146
179 146
179 145
180 144
180 143
178 143
176 143
174 143
172 143
170 143
168 143
167 143
165 143
163 143
161 143
159 143
157 143
155 143
153 143
151 143
149 143
147 143
145 143
143 143
141 143
140 143
138 143
136 143
134 143
132 143
130 143
128 143
128 142
128 141
128 140
130 140
132 140
134 140
136 140
138 140
140 140
142 140
143 140
145 140
147 140
149 140
151 140
153 140
155 140
157 140
159 140
161 140
163 140
165 140
167 140
169 140
170 140
172 140
174 140
176 140
178 140
180 140
182 140
