125 187
125 185
124 183
124 181
124 180
123 178
123 176
123 174
123 172
122 170
122 168
122 166
121 165
121 163
121 161
120 159
120 157
120 155
120 153
119 151
119 150
119 148
118 146
118 144
118 145
118 146
119 145
121 145
122 144
124 144
125 144
127 144
128 144
127 145
125 146
124 147
122 147
121 148
119 149
118 150
118 151
118 152
118 153
120 152
121 151
123 150
124 149
126 148
128 148
129 147
131 146
132 145
134 144
136 144
137 144
139 144
140 144
138 145
137 146
135 147
134 148
132 149
131 150
129 150
127 151
126 152
124 153
123 154
121 155
120 156
118 157
118 158
118 159
118 160
120 159
121 158
123 157
125 156
126 155
128 154
130 153
131 152
133 152
134 151
136 150
138 149
139 148
141 147
143 146
144 145
146 144
148 144
149 144
151 144
152 144
150 145
149 146
147 147
146 148
144 149
142 150
141 151
139 152
137 153
136 154
134 154
133 155
131 156
129 157
128 158
126 159
124 160
123 161
121 162
120 163
118 164
118 165
118 166
118 167
120 166
121 165
123 164
125 163
126 162
128 161
130 160
131 159
133 158
135 157
136 156
138 155
140 155
141 154
143 153
145 152
146 151
148 150
150 149
151 148
153 147
155 146
156 145
158 144
160 144
161 144
163 144
164 144
162 145
161 146
159 147
157 148
156 149
154 150
153 151
151 152
149 153
148 154
146 155
144 156
143 157
141 157
139 158
138 159
136 160
134 161
133 162
131 163
130 164
128 165
126 166
125 167
123 168
121 169
120 170
118 171
118 172
118 173
118 174
120 173
121 172
123 171
125 170
126 169
128 168
130 167
131 166
133 165
135 164
136 163
138 162
140 161
141 160
143 159
145 159
147 158
148 157
150 156
152 155
153 154
155 153
157 152
158 151
160 150
162 149
163 148
165 147
167 146
168 145
170 144
172 144
173 144
175 144
176 144
174 145
173 146
171 147
169 148
168 149
166 150
164 151
163 152
161 153
159 154
158 155
156 156
154 157
153 158
151 159
149 160
148 161
146 161
145 162
143 163
141 164
140 165
138 166
136 167
135 168
133 169
131 170
130 171
128 172
126 173
125 174
123 175
121 176
120 177
118 178
118 179
118 180
118 181
120 180
121 179
123 178
125 177
126 176
128 175
130 174
131 173
133 172
135 171
137 170
138 169
140 168
142 167
143 166
145 165
147 164
148 163
150 162
152 162
153 161
155 160
157 159
158 158
160 157
162 156
163 155
165 154
167 153
169 152
170 151
172 150
174 149
175 148
177 147
179 146
180 145
182 144
184 144
185 144
187 144
188 144
186 145
185 146
183 147
181 148
179 149
178 150
176 151
174 152
173 153
171 154
169 155
168 156
166 157
164 158
162 159
161 160
159 161
157 162
156 163
154 164
152 164
150 165
149 166
147 167
145 168
144 169
142 170
140 171
138 172
137 173
135 174
133 175
132 176
130 177
128 178
127 179
125 180
123 181
121 182
120 183
118 184
118 185
118 187
118 188
120 187
121 186
123 185
125 184
126 183
128 182
130 181
131 180
133 179
135 178
136 177
138 176
140 175
141 174
143 173
145 172
146 171
148 171
149 170
151 169
153 168
154 167
156 166
158 165
159 164
161 163
163 162
164 161
166 160
168 159
169 158
171 157
173 156
174 155
176 154
176 155
176 157
176 158
174 159
173 160
171 161
169 162
167 163
166 164
164 165
162 166
161 167
159 168
157 169
156 170
154 171
152 172
150 173
149 174
147 174
145 175
144 176
142 177
140 178
138 179
137 180
135 181
133 182
132 183
130 184
128 185
127 186
125 187
123 188
121 189
120 190
118 191
119 191
121 191
122 192
123 192
125 191
126 190
128 189
130 188
131 187
133 186
135 185
136 184
138 183
140 182
141 181
143 180
145 179
146 178
148 177
150 176
151 176
153 175
154 174
156 173
158 172
159 171
161 170
163 169
164 168
166 167
168 166
169 165
171 164
173 163
174 162
176 161
176 162
177 164
177 165
175 166
174 167
172 168
170 169
169 170
167 171
165 172
164 172
162 173
160 174
159 175
157 176
155 177
154 178
152 179
151 180
149 181
147 182
146 183
144 184
142 185
141 185
139 186
137 187
136 188
134 189
132 190
131 191
129 192
131 192
132 192
134 192
135 192
137 191
138 190
140 189
142 188
143 187
145 186
147 185
148 184
150 183
152 182
153 181
155 180
157 180
159 179
160 178
162 177
164 176
165 175
167 174
169 173
170 172
172 171
174 170
175 169
177 168
177 169
177 170
177 171
175 172
174 173
172 174
170 175
169 176
167 177
166 178
164 179
162 180
161 181
159 181
157 182
156 183
154 184
152 185
151 186
149 187
148 188
146 189
144 190
143 191
141 192
143 192
144 192
146 192
147 192
149 191
150 190
152 189
154 188
155 187
157 186
159 185
160 184
162 183
164 182
165 182
167 181
168 180
170 179
172 178
173 177
175 176
177 175
178 174
180 173
181 173
183 173
184 174
185 174
183 175
182 176
180 177
178 178
177 179
175 180
173 181
172 182
170 183
168 183
166 184
165 185
163 186
161 187
160 188
158 189
156 190
155 191
153 192
155 192
156 192
158 192
159 192
161 191
162 190
164 189
166 188
167 187
169 186
171 185
172 184
174 183
176 183
177 182
179 181
181 180
182 179
184 178
186 177
187 176
189 175
189 176
189 177
189 178
187 179
186 180
184 181
183 182
181 183
179 184
178 185
176 185
175 186
173 187
171 188
170 189
168 190
167 191
165 192
167 192
168 192
170 192
171 192
173 191
174 190
176 189
178 188
179 187
181 187
182 186
184 185
186 184
187 183
189 182
189 183
189 184
189 185
188 186
186 187
185 188
183 188
182 189
180 190
179 191
177 192
179 192
180 192
182 192
183 192
185 191
186 190
188 190
189 189
189 190
189 191
189 192
