139 158
138 156
137 155
136 153
135 152
133 150
132 149
131 147
130 146
129 144
128 143
127 141
126 140
124 138
123 137
122 135
121 134
121 136
121 138
121 140
121 142
121 144
121 146
121 148
121 149
121 151
121 153
121 155
121 157
121 159
121 161
121 163
121 165
121 167
121 169
121 171
121 173
121 175
121 177
121 178
121 180
121 182
121 184
121 186
121 188
121 190
121 192
122 192
122 192
122 190
122 188
122 186
122 184
122 182
122 180
122 178
122 177
122 175
122 173
122 171
122 169
122 167
122 165
122 163
122 161
122 159
122 157
122 155
122 153
122 151
122 149
122 148
122 146
122 144
122 142
122 140
122 138
122 136
122 134
123 134
124 134
125 134
125 136
125 138
125 140
125 142
125 144
125 146
125 148
125 149
125 151
125 153
125 155
125 157
125 159
125 161
125 163
125 165
125 167
125 169
125 171
125 173
125 175
125 177
125 178
125 180
125 182
125 184
125 186
125 188
125 190
125 192
126 192
127 192
128 192
128 190
128 188
128 186
128 184
128 182
128 180
128 178
128 177
128 175
128 173
128 171
128 169
128 167
128 165
128 163
128 161
128 159
128 157
128 155
128 153
128 151
128 149
128 148
128 146
128 144
128 142
128 140
128 138
128 136
128 134
129 134
130 134
131 134
131 136
131 138
131 140
131 142
131 144
131 146
131 148
131 149
131 151
131 153
131 155
131 157
131 159
131 161
131 163
131 165
131 167
131 169
131 171
131 173
131 175
131 177
131 178
131 180
131 182
131 184
131 186
131 188
131 190
131 192
132 192
133 192
134 192
134 190
134 188
134 186
134 184
134 182
134 180
134 178
134 177
134 175
134 173
134 171
134 169
134 167
134 165
134 163
134 161
134 159
134 157
134 155
134 153
134 151
134 149
134 148
134 146
134 144
134 142
134 140
134 138
134 136
134 134
135 134
136 134
137 134
137 136
137 138
137 140
137 142
137 144
137 146
137 148
137 149
137 151
137 153
137 155
137 157
137 159
137 161
137 163
137 165
137 167
137 169
137 171
137 173
137 175
137 177
137 178
137 180
137 182
137 184
137 186
137 188
137 190
137 192
138 192
139 192
140 192
140 190
140 188
140 186
140 184
140 182
140 180
140 178
140 177
140 175
140 173
140 171
140 169
140 167
140 165
140 163
140 161
140 159
140 157
140 155
140 153
140 151
140 149
140 148
140 146
140 144
140 142
140 140
140 138
140 136
140 134
141 134
142 134
143 134
143 136
143 138
143 140
143 142
143 144
143 146
143 148
143 149
143 151
143 153
143 155
143 157
143 159
143 161
143 163
143 165
143 167
143 169
143 171
143 173
143 175
143 177
143 178
143 180
143 182
143 184
143 186
143 188
143 190
143 192
144 192
145 192
146 192
146 190
146 188
146 186
146 184
146 182
146 180
146 178
146 177
146 175
146 173
146 171
146 169
146 167
146 165
146 163
146 161
146 159
146 157
146 155
146 153
146 151
146 149
146 148
146 146
146 144
146 142
146 140
146 138
146 136
146 134
147 134
148 134
149 134
149 136
149 138
149 140
149 142
149 144
149 146
149 148
149 149
149 151
149 153
149 155
149 157
149 159
149 161
149 163
149 165
149 167
149 169
149 171
149 173
149 175
149 177
149 178
149 180
149 182
149 184
149 186
149 188
149 190
149 192
150 192
151 192
152 192
152 190
152 188
152 186
152 184
152 182
152 180
152 178
152 177
152 175
152 173
152 171
152 169
152 167
152 165
152 163
152 161
152 159
152 157
152 155
152 153
152 151
152 149
152 148
152 146
152 144
152 142
152 140
152 138
152 136
152 134
153 134
154 134
155 134
155 136
155 138
155 140
155 142
155 144
155 146
155 148
155 149
155 151
155 153
155 155
155 157
155 159
155 161
155 163
155 165
155 167
155 169
155 171
155 173
155 175
155 177
155 178
155 180
155 182
155 184
155 186
155 188
155 190
155 192
156 192
157 192
158 192
158 190
158 188
158 186
158 184
158 183
158 181
158 179
158 177
158 175
158 173
158 171
158 169
158 167
158 165
158 164
158 162
158 160
158 158
158 156
158 154
158 152
158 150
158 148
158 146
158 145
158 143
158 141
158 139
158 137
159 137
159 138
160 138
161 138
161 140
161 142
161 144
161 146
161 148
161 150
161 151
161 153
161 155
161 157
161 159
161 161
161 163
161 165
161 167
161 169
161 171
161 173
161 175
161 177
161 178
161 180
161 182
161 184
161 186
161 188
161 190
161 192
162 192
163 192
164 192
164 190
164 188
164 186
164 184
164 183
164 181
164 179
164 177
164 175
164 173
164 171
164 169
164 167
164 165
164 164
164 162
164 160
164 158
164 156
164 154
164 152
164 150
164 148
164 146
164 145
164 143
164 141
164 139
164 137
165 137
166 136
167 136
167 138
167 140
167 142
167 144
167 146
167 148
167 150
167 151
167 153
167 155
167 157
167 159
167 161
167 163
167 165
167 167
167 169
167 171
167 173
167 175
167 177
167 178
167 180
167 182
167 184
167 186
167 188
167 190
167 192
168 192
169 192
170 192
170 190
170 188
170 186
170 184
170 182
170 180
170 178
170 177
170 175
170 173
170 171
170 169
170 167
170 165
170 163
170 161
170 159
170 157
170 155
170 153
170 151
170 150
170 148
170 146
170 144
170 142
170 140
170 138
170 136
171 136
172 135
173 135
173 137
173 139
173 141
173 143
173 144
173 146
173 148
173 150
173 152
173 154
173 156
173 158
173 160
173 162
173 163
173 165
173 167
173 169
173 171
173 173
173 175
173 177
173 179
173 181
173 182
173 184
173 186
173 188
173 190
173 192
174 192
175 192
176 192
176 190
176 188
176 186
176 184
176 182
176 181
176 179
176 177
176 175
176 173
176 171
176 169
176 167
176 165
176 163
176 162
176 160
176 158
176 156
176 154
176 152
176 150
176 148
176 146
176 144
176 143
176 141
176 139
176 137
176 135
177 135
178 134
179 134
179 136
179 138
179 140
179 142
179 144
179 146
179 148
179 149
179 151
179 153
179 155
179 157
179 159
179 161
179 163
179 165
179 167
179 169
179 171
179 173
179 175
179 177
179 178
179 180
179 182
179 184
179 186
179 188
179 190
179 192
