141 187
140 188
139 189
137 189
136 190
135 191
137 191
139 191
141 191
143 191
145 191
147 191
149 191
150 191
152 191
154 191
156 191
158 191
160 191
162 191
164 191
166 191
168 191
170 191
172 191
174 191
176 191
177 191
179 191
181 191
183 191
185 191
187 191
189 191
191 191
191 190
191 189
191 188
189 188
187 188
185 188
183 188
181 188
179 188
177 188
176 188
174 188
172 188
170 188
168 188
166 188
164 188
162 188
160 188
158 188
156 188
154 188
152 188
150 188
149 188
147 188
145 188
143 188
141 188
139 188
137 188
135 188
135 187
135 186
135 185
137 185
139 185
141 185
143 185
145 185
147 185
149 185
150 185
152 185
154 185
156 185
158 185
160 185
162 185
164 185
166 185
168 185
170 185
172 185
174 185
176 185
177 185
179 185
181 185
183 185
185 185
187 185
189 185
191 185
191 184
191 183
191 182
189 182
187 182
185 182
183 182
181 182
179 182
177 182
176 182
174 182
172 182
170 182
168 182
166 182
164 182
162 182
160 182
158 182
156 182
154 182
152 182
150 182
149 182
147 182
145 182
143 182
141 182
139 182
137 182
135 182
135 181
135 180
135 179
137 179
139 179
141 179
143 179
145 179
147 179
149 179
150 179
152 179
154 179
156 179
158 179
160 179
162 179
164 179
166 179
168 179
170 179
172 179
174 179
176 179
177 179
179 179
181 179
183 179
185 179
187 179
189 179
191 179
191 178
191 177
191 176
189 176
187 176
185 176
183 176
181 176
179 176
177 176
176 176
174 176
172 176
170 176
168 176
166 176
164 176
162 176
160 176
158 176
156 176
154 176
152 176
150 176
149 176
147 176
145 176
143 176
141 176
139 176
137 176
135 176
135 175
135 174
135 173
137 173
139 173
141 173
143 173
145 173
146 173
148 173
150 173
152 173
154 173
156 173
158 173
160 173
162 173
164 173
166 173
167 173
169 173
171 173
173 173
175 173
177 173
177 172
177 171
177 170
175 170
173 170
171 170
169 170
167 170
166 170
164 170
162 170
160 170
158 170
156 170
154 170
152 170
150 170
148 170
146 170
145 170
143 170
141 170
139 170
137 170
135 170
135 169
135 168
135 167
137 167
139 167
141 167
143 167
145 167
146 167
148 167
150 167
152 167
154 167
156 167
158 167
160 167
162 167
164 167
166 167
167 167
169 167
171 167
173 167
175 167
177 167
177 166
177 165
177 164
175 164
173 164
171 164
169 164
167 164
166 164
164 164
162 164
160 164
158 164
156 164
154 164
152 164
150 164
148 164
146 164
145 164
143 164
141 164
139 164
137 164
135 164
135 163
135 162
135 161
137 161
139 161
141 161
142 161
144 161
146 161
148 161
150 161
152 161
154 161
156 161
157 161
159 161
161 161
163 161
165 161
167 161
169 161
170 161
172 161
174 161
176 161
176 160
176 159
176 158
174 158
172 158
170 158
169 158
167 158
165 158
163 158
161 158
159 158
157 158
156 158
154 158
152 158
150 158
148 158
146 158
144 158
142 158
141 158
139 158
137 158
135 158
135 157
135 156
135 155
137 155
139 155
141 155
142 155
144 155
146 155
148 155
150 155
152 155
154 155
156 155
157 155
159 155
161 155
163 155
165 155
167 155
169 155
170 155
172 155
174 155
176 155
176 154
176 153
176 152
174 152
172 152
170 152
169 152
167 152
165 152
163 152
161 152
159 152
157 152
156 152
154 152
152 152
150 152
148 152
146 152
144 152
142 152
141 152
139 152
137 152
135 152
135 151
135 150
135 149
137 149
139 149
141 149
142 149
144 149
146 149
148 149
150 149
152 149
154 149
156 149
157 149
159 149
161 149
163 149
165 149
167 149
169 149
171 149
172 149
174 149
176 149
178 149
179 148
179 147
180 146
182 146
183 146
185 146
186 146
188 146
189 146
191 146
189 146
187 146
185 146
183 146
181 146
179 146
177 146
176 146
174 146
172 146
170 146
168 146
166 146
164 146
162 146
160 146
158 146
156 146
154 146
152 146
150 146
149 146
147 146
145 146
143 146
141 146
139 146
137 146
135 146
135 145
135 144
135 143
137 143
139 143
141 143
143 143
145 143
147 143
149 143
150 143
152 143
154 143
156 143
158 143
160 143
162 143
164 143
166 143
168 143
170 143
172 143
174 143
176 143
177 143
179 143
181 143
183 143
185 143
187 143
189 143
191 143
191 142
191 141
191 140
189 140
187 140
185 140
183 140
181 140
179 140
177 140
176 140
174 140
172 140
170 140
168 140
166 140
164 140
162 140
160 140
158 140
156 140
154 140
152 140
150 140
149 140
147 140
145 140
143 140
141 140
139 140
137 140
135 140
135 139
135 139
137 139
139 139
141 139
143 139
145 139
147 139
149 139
150 139
152 139
154 139
156 139
158 139
160 139
162 139
164 139
166 139
168 139
170 139
172 139
174 139
176 139
177 139
179 139
181 139
183 139
185 139
187 139
189 139
191 139
