129 190
128 191
127 192
125 194
124 195
123 196
122 197
120 199
119 200
118 201
120 201
122 201
124 201
126 201
128 201
130 201
131 201
133 201
135 201
137 201
139 201
141 201
143 201
145 201
147 201
149 201
151 201
153 201
155 201
157 201
158 201
160 201
162 201
164 201
166 201
168 201
170 201
172 201
174 201
176 201
178 201
180 201
182 201
184 201
185 201
187 201
189 201
191 201
193 201
195 201
197 201
197 200
197 199
197 198
195 198
193 198
191 198
189 198
187 198
185 198
184 198
182 198
180 198
178 198
176 198
174 198
172 198
170 198
168 198
166 198
164 198
162 198
160 198
158 198
157 198
155 198
153 198
151 198
149 198
147 198
145 198
143 198
141 198
139 198
137 198
135 198
133 198
131 198
130 198
128 198
126 198
124 198
122 198
120 198
118 198
118 197
118 196
118 195
120 195
122 195
124 195
126 195
128 195
130 195
131 195
133 195
135 195
137 195
139 195
141 195
143 195
145 195
147 195
149 195
151 195
153 195
155 195
157 195
158 195
160 195
162 195
164 195
166 195
168 195
170 195
172 195
174 195
176 195
178 195
180 195
182 195
184 195
185 195
187 195
189 195
191 195
193 195
195 195
197 195
197 194
197 193
197 192
195 192
193 192
191 192
189 192
187 192
185 192
184 192
182 192
180 192
178 192
176 192
174 192
172 192
170 192
168 192
166 192
164 192
162 192
160 192
158 192
157 192
155 192
153 192
151 192
149 192
147 192
145 192
143 192
141 192
139 192
137 192
135 192
133 192
131 192
130 192
128 192
126 192
124 192
122 192
120 192
118 192
118 191
118 190
118 189
120 189
122 189
124 189
126 189
128 189
130 189
131 189
133 189
135 189
137 189
139 189
141 189
143 189
145 189
147 189
149 189
151 189
153 189
155 189
157 189
158 189
160 189
162 189
164 189
166 189
168 189
170 189
172 189
174 189
176 189
178 189
180 189
182 189
184 189
185 189
187 189
189 189
191 189
193 189
195 189
197 189
197 188
197 187
197 186
195 186
193 186
191 186
189 186
187 186
185 186
184 186
182 186
180 186
178 186
176 186
174 186
172 186
170 186
168 186
166 186
164 186
162 186
160 186
158 186
157 186
155 186
153 186
151 186
149 186
147 186
145 186
143 186
141 186
139 186
137 186
135 186
133 186
131 186
130 186
128 186
126 186
124 186
122 186
120 186
118 186
118 185
118 184
118 183
120 183
122 183
124 183
126 183
128 183
130 183
131 183
133 183
135 183
137 183
139 183
141 183
143 183
145 183
147 183
149 183
151 183
153 183
155 183
157 183
158 183
160 183
162 183
164 183
166 183
168 183
170 183
172 183
174 183
176 183
178 183
180 183
182 183
184 183
185 183
187 183
189 183
191 183
193 183
195 183
197 183
197 182
197 181
197 180
195 180
193 180
191 180
189 180
187 180
185 180
184 180
182 180
180 180
178 180
176 180
174 180
172 180
170 180
168 180
166 180
164 180
162 180
160 180
158 180
157 180
155 180
153 180
151 180
149 180
147 180
145 180
143 180
141 180
139 180
137 180
135 180
133 180
131 180
130 180
128 180
126 180
124 180
122 180
120 180
118 180
118 179
118 178
118 177
120 177
122 177
124 177
126 177
128 177
130 177
131 177
133 177
135 177
137 177
139 177
141 177
143 177
145 177
147 177
149 177
151 177
153 177
155 177
157 177
158 177
160 177
162 177
164 177
166 177
168 177
170 177
172 177
174 177
176 177
178 177
180 177
182 177
184 177
185 177
187 177
189 177
191 177
193 177
195 177
197 177
197 176
197 175
197 174
195 174
193 174
191 174
189 174
187 174
185 174
184 174
182 174
180 174
178 174
176 174
174 174
172 174
170 174
168 174
166 174
164 174
162 174
160 174
158 174
157 174
155 174
153 174
151 174
149 174
147 174
145 174
143 174
141 174
139 174
137 174
135 174
133 174
131 174
130 174
128 174
126 174
124 174
122 174
120 174
118 174
118 173
118 172
118 171
120 171
122 171
124 171
126 171
128 171
129 171
131 171
133 171
135 171
137 171
139 171
141 171
143 171
145 171
147 171
148 171
150 171
152 171
154 171
156 171
158 171
160 171
162 171
164 171
166 171
167 171
169 171
171 171
173 171
175 171
177 171
177 170
177 169
177 168
175 168
173 168
171 168
169 168
167 168
166 168
164 168
162 168
160 168
158 168
156 168
154 168
152 168
150 168
148 168
147 168
145 168
143 168
141 168
139 168
137 168
135 168
133 168
131 168
129 168
128 168
126 168
124 168
122 168
120 168
118 168
118 167
118 166
118 165
120 165
122 165
124 165
126 165
128 165
129 165
131 165
133 165
135 165
137 165
139 165
141 165
143 165
145 165
147 165
148 165
150 165
152 165
154 165
156 165
158 165
160 165
162 165
164 165
166 165
167 165
169 165
171 165
173 165
175 165
177 165
177 164
177 163
177 162
175 162
173 162
171 162
169 162
167 162
166 162
164 162
162 162
160 162
158 162
156 162
154 162
152 162
150 162
148 162
147 162
145 162
143 162
141 162
139 162
137 162
135 162
133 162
131 162
129 162
128 162
126 162
124 162
122 162
120 162
118 162
118 161
118 160
118 159
120 159
122 159
124 159
126 159
128 159
130 159
132 159
133 159
135 159
137 159
139 159
141 159
143 159
145 159
147 159
149 159
151 159
153 159
155 159
157 159
159 159
161 159
162 159
164 159
166 159
168 159
170 159
172 159
174 159
176 159
176 158
176 157
176 156
174 156
172 156
170 156
168 156
166 156
164 156
162 156
161 156
159 156
157 156
155 156
153 156
151 156
149 156
147 156
145 156
143 156
141 156
139 156
137 156
135 156
133 156
132 156
130 156
128 156
126 156
124 156
122 156
120 156
118 156
118 155
118 154
118 153
120 153
122 153
124 153
126 153
128 153
130 153
132 153
133 153
135 153
137 153
139 153
141 153
143 153
145 153
147 153
149 153
151 153
153 153
155 153
157 153
159 153
161 153
162 153
164 153
166 153
168 153
170 153
172 153
174 153
176 153
176 152
176 151
177 150
177 150
175 150
173 150
171 150
169 150
167 150
166 150
164 150
162 150
160 150
158 150
156 150
154 150
152 150
150 150
148 150
147 150
145 150
143 150
141 150
139 150
137 150
135 150
133 150
131 150
129 150
128 150
126 150
124 150
122 150
120 150
118 150
118 149
118 148
118 147
120 147
122 147
124 147
126 147
128 147
129 147
131 147
133 147
135 147
137 147
139 147
141 147
143 147
145 147
147 147
149 147
150 147
152 147
154 147
156 147
158 147
160 147
162 147
164 147
166 147
168 147
169 147
171 147
173 147
175 147
177 147
179 147
180 146
180 146
182 146
183 146
185 145
187 145
189 145
190 145
192 145
194 144
195 144
197 144
195 144
193 144
191 144
189 144
187 144
185 144
184 144
182 144
180 144
178 144
176 144
174 144
172 144
170 144
168 144
166 144
164 144
162 144
160 144
158 144
157 144
155 144
153 144
151 144
149 144
147 144
145 144
143 144
141 144
139 144
137 144
135 144
133 144
131 144
130 144
128 144
126 144
124 144
122 144
120 144
118 144
118 143
118 142
118 141
120 141
122 141
124 141
126 141
128 141
130 141
131 141
133 141
135 141
137 141
139 141
141 141
143 141
145 141
147 141
149 141
151 141
153 141
155 141
157 141
158 141
160 141
162 141
164 141
166 141
168 141
170 141
172 141
174 141
176 141
178 141
180 141
182 141
184 141
185 141
187 141
189 141
191 141
193 141
195 141
197 141
197 140
197 139
197 138
195 138
193 138
191 138
189 138
187 138
185 138
184 138
182 138
180 138
178 138
176 138
174 138
172 138
170 138
168 138
166 138
164 138
162 138
160 138
158 138
157 138
155 138
153 138
151 138
149 138
147 138
145 138
143 138
141 138
139 138
137 138
135 138
133 138
131 138
130 138
128 138
126 138
124 138
122 138
120 138
118 138
120 138
122 138
124 138
125 138
127 138
129 138
131 138
133 138
135 138
137 138
139 138
140 138
142 138
144 138
146 138
148 138
150 138
152 138
153 138
155 138
157 138
159 138
159 138
161 138
163 138
165 138
167 138
169 138
170 138
172 138
174 138
176 138
178 138
180 138
182 138
184 138
186 138
188 138
189 138
191 138
193 138
195 138
197 138
197 137
197 136
197 135
195 135
193 135
191 135
189 135
188 135
186 135
184 135
182 135
180 135
178 135
176 135
174 135
172 135
171 135
169 135
167 135
165 135
163 135
164 134
165 133
166 133
167 132
169 132
171 132
173 132
175 132
176 132
178 132
180 132
182 132
184 132
186 132
188 132
190 132
191 132
193 132
195 132
197 132
195 132
193 133
191 133
189 133
188 133
186 134
184 134
182 134
180 135
178 135
176 135
174 136
172 136
170 136
169 136
167 137
165 137
163 137
161 138
159 138
159 138
157 138
155 137
153 137
152 137
150 137
148 136
146 136
144 136
142 136
140 135
139 135
137 135
135 134
133 134
131 134
129 134
127 133
125 133
124 133
122 133
120 132
118 132
118 133
118 134
118 135
120 135
122 136
123 136
125 136
127 136
129 137
131 137
133 137
134 137
136 138
138 138
136 138
134 138
133 138
131 138
129 138
127 138
125 138
123 138
122 138
120 138
118 138
