141 186
142 184
142 182
143 181
144 179
144 177
145 175
145 174
146 172
147 170
147 168
148 167
149 165
149 163
150 161
150 160
151 158
149 158
147 158
145 158
143 158
141 158
139 158
137 158
135 158
133 158
132 158
130 158
128 158
126 158
124 158
122 158
120 158
118 158
116 158
114 158
112 158
110 158
108 158
106 158
104 158
102 158
100 158
98 158
96 158
95 158
93 158
91 158
89 158
87 158
85 158
83 158
81 158
79 158
77 158
77 159
77 160
79 160
81 160
83 160
85 160
87 160
89 160
91 160
93 160
95 160
96 160
98 160
100 160
102 160
104 160
106 160
108 160
110 160
112 160
114 160
116 160
118 160
120 160
122 160
124 160
126 160
128 160
130 160
132 160
133 160
135 160
137 160
139 160
141 160
143 160
145 160
147 160
149 160
151 160
151 161
151 162
151 163
149 163
147 163
145 163
143 163
141 163
139 163
137 163
135 163
133 163
132 163
130 163
128 163
126 163
124 163
122 163
120 163
118 163
116 163
114 163
112 163
110 163
108 163
106 163
104 163
102 163
100 163
98 163
96 163
95 163
93 163
91 163
89 163
87 163
85 163
83 163
81 163
79 163
77 163
77 164
77 165
77 166
79 166
81 166
83 166
85 166
87 166
89 166
91 166
93 166
95 166
96 166
98 166
100 166
102 166
104 166
106 166
108 166
110 166
112 166
114 166
116 166
118 166
120 166
122 166
124 166
126 166
128 166
130 166
132 166
133 166
135 166
137 166
139 166
141 166
143 166
145 166
147 166
149 166
151 166
151 167
151 168
151 169
149 169
147 169
145 169
143 169
141 169
139 169
137 169
135 169
133 169
132 169
130 169
128 169
126 169
124 169
122 169
120 169
118 169
116 169
114 169
112 169
110 169
108 169
106 169
104 169
102 169
100 169
98 169
96 169
95 169
93 169
91 169
89 169
87 169
85 169
83 169
81 169
79 169
77 169
77 170
77 171
77 172
79 172
81 172
83 172
85 172
87 172
89 172
91 172
93 172
95 172
96 172
98 172
100 172
102 172
104 172
106 172
108 172
110 172
112 172
114 172
116 172
118 172
120 172
122 172
124 172
126 172
128 172
130 172
132 172
133 172
135 172
137 172
139 172
141 172
143 172
145 172
147 172
149 172
151 172
151 173
151 174
151 175
149 175
147 175
145 175
143 175
141 175
139 175
137 175
135 175
133 175
132 175
130 175
128 175
126 175
124 175
122 175
120 175
118 175
116 175
114 175
112 175
110 175
108 175
106 175
104 175
102 175
100 175
98 175
96 175
95 175
93 175
91 175
89 175
87 175
85 175
83 175
81 175
79 175
77 175
79 175
81 175
83 175
85 175
86 176
88 176
90 176
92 176
94 176
96 176
98 176
100 176
101 177
103 177
105 177
107 177
109 177
110 177
110 178
112 178
114 178
116 178
117 178
119 178
121 178
123 178
125 178
127 178
129 178
131 178
132 178
134 178
136 178
138 178
140 178
142 178
144 178
145 178
147 178
149 178
151 178
151 179
151 180
151 181
149 181
147 181
145 181
144 181
142 181
140 181
138 181
136 181
134 181
133 181
131 181
129 181
127 181
125 181
123 181
121 181
120 181
118 181
116 181
114 181
115 181
115 182
115 183
115 184
117 184
119 184
121 184
123 184
124 184
126 184
128 184
130 184
132 184
134 184
136 184
138 184
140 184
142 184
143 184
145 184
147 184
149 184
151 184
151 185
151 186
151 187
149 187
147 187
145 187
143 187
142 187
140 187
138 187
136 187
134 187
132 187
130 187
128 187
126 187
124 187
123 187
121 187
119 187
117 187
115 187
115 188
115 189
115 190
117 190
119 190
121 190
123 190
124 190
126 190
128 190
130 190
132 190
134 190
136 190
138 190
140 190
142 190
143 190
145 190
147 190
149 190
151 190
151 191
151 192
151 193
149 193
147 193
145 193
143 193
141 193
140 193
138 193
136 193
134 193
132 193
130 193
128 193
126 193
124 193
122 193
120 193
118 193
117 193
115 193
113 193
111 193
109 193
107 193
105 193
105 193
103 194
102 194
100 195
98 195
96 196
95 197
93 197
91 198
89 199
88 199
86 200
84 200
82 201
81 202
79 202
77 203
79 203
81 203
83 203
85 203
87 203
89 203
91 203
93 203
95 203
96 203
98 203
100 203
102 203
104 203
106 203
108 203
110 203
112 203
114 203
116 203
118 203
120 203
122 203
124 203
126 203
128 203
130 203
132 203
133 203
135 203
137 203
139 203
141 203
143 203
145 203
147 203
149 203
151 203
151 202
151 201
151 200
149 200
147 200
145 200
143 200
141 200
139 200
137 200
135 200
133 200
132 200
130 200
128 200
126 200
124 200
122 200
120 200
118 200
116 200
114 200
112 200
110 200
108 200
106 200
104 200
102 200
100 200
98 200
96 200
95 200
93 200
91 200
89 200
87 200
85 200
83 200
81 200
79 200
77 200
77 199
77 198
77 197
79 197
81 197
83 197
85 197
87 197
89 197
91 197
93 197
95 197
96 197
98 197
100 197
102 197
104 197
106 197
108 197
110 197
112 197
114 197
116 197
118 197
120 197
122 197
124 197
126 197
128 197
130 197
132 197
133 197
135 197
137 197
139 197
141 197
143 197
145 197
147 197
149 197
151 197
151 196
151 195
151 194
149 194
147 194
145 194
143 194
141 194
139 194
137 194
135 194
133 194
132 194
130 194
128 194
126 194
124 194
122 194
120 194
118 194
116 194
114 194
112 194
110 194
108 194
106 194
104 194
102 194
100 194
98 194
96 194
95 194
93 194
91 194
89 194
87 194
85 194
83 194
81 194
79 194
77 194
77 193
77 193
79 193
81 193
83 193
85 193
87 193
89 193
91 193
93 193
95 193
96 193
98 193
100 193
102 193
104 193
106 193
108 193
110 193
112 193
114 193
116 193
118 193
120 193
122 193
124 193
126 193
128 193
130 193
132 193
133 193
135 193
137 193
139 193
141 193
143 193
145 193
147 193
149 193
151 193
149 193
147 193
145 193
143 193
141 193
140 193
138 193
136 193
134 193
132 193
130 193
128 193
126 193
124 193
122 193
120 193
118 193
117 193
115 193
113 193
111 193
109 193
107 193
105 193
103 193
101 193
99 193
98 193
96 193
94 193
92 193
90 193
88 193
86 193
84 193
83 193
81 193
79 193
77 193
79 193
81 193
83 193
84 193
86 193
88 193
90 193
92 193
94 193
96 193
98 193
99 193
101 193
103 193
105 193
105 192
105 191
105 190
103 190
101 190
99 190
98 190
96 190
94 190
92 190
90 190
88 190
86 190
84 190
83 190
81 190
79 190
77 190
77 189
77 188
77 187
79 187
81 187
82 187
84 187
86 187
88 187
90 187
91 187
93 187
95 187
97 187
99 187
100 187
102 187
104 187
104 186
104 186
102 186
100 186
99 186
97 186
95 186
93 186
91 186
90 186
88 186
86 186
84 186
82 186
81 186
79 186
77 186
77 187
77 189
77 190
77 192
77 193
77 195
77 196
77 198
77 200
77 201
77 203
79 203
81 202
83 202
85 202
87 202
89 201
91 201
93 201
95 201
96 200
98 200
100 200
102 200
104 199
106 199
108 199
110 199
112 198
114 198
116 198
118 197
120 197
122 197
124 197
126 196
128 196
130 196
132 196
133 195
135 195
137 195
139 195
141 194
143 194
145 194
147 194
149 193
151 193
151 193
151 191
151 189
151 187
151 186
151 184
151 182
151 180
151 178
151 176
151 175
151 173
151 171
151 169
151 167
151 165
151 164
151 162
151 160
151 158
150 159
148 161
147 162
145 163
144 165
143 166
141 167
140 168
139 170
137 171
136 172
134 174
133 175
132 176
130 178
129 179
127 180
126 182
125 183
123 184
122 185
121 187
119 188
118 189
116 191
115 192
113 192
112 192
110 192
108 193
107 193
105 193
107 193
108 193
110 192
112 192
113 192
115 192
115 190
115 189
115 187
115 185
115 184
115 182
114 181
113 180
111 179
110 178
109 177
107 176
106 175
104 174
103 173
101 171
100 170
98 169
97 168
95 167
94 166
92 165
91 164
89 162
88 161
86 160
85 159
83 158
83 158
85 158
87 158
89 158
91 158
93 158
95 158
97 158
99 158
100 158
102 158
104 158
106 158
108 158
110 158
112 158
114 158
116 158
118 158
120 158
122 158
124 158
126 158
128 158
130 158
132 158
134 158
135 158
137 158
139 158
141 158
143 158
145 158
147 158
149 158
151 158
151 157
151 156
151 155
149 155
147 155
145 155
143 155
141 155
140 155
138 155
136 155
134 155
132 155
130 155
128 155
126 155
124 155
122 155
121 155
119 155
117 155
115 155
113 155
111 155
109 155
107 155
105 155
103 155
102 155
100 155
98 155
96 155
94 155
92 155
92 154
92 153
92 152
94 152
96 152
98 152
100 152
102 152
103 152
105 152
107 152
109 152
111 152
113 152
115 152
117 152
119 152
121 152
122 152
124 152
126 152
128 152
130 152
132 152
134 152
136 152
138 152
140 152
141 152
143 152
145 152
147 152
149 152
151 152
151 151
151 150
151 149
149 149
147 149
145 149
143 149
141 149
140 149
138 149
136 149
134 149
132 149
130 149
128 149
126 149
124 149
122 149
121 149
119 149
117 149
115 149
113 149
111 149
109 149
107 149
105 149
103 149
102 149
100 149
98 149
96 149
94 149
92 149
92 148
92 147
92 146
94 146
96 146
98 146
100 146
102 146
103 146
105 146
107 146
109 146
111 146
113 146
115 146
117 146
119 146
121 146
122 146
124 146
126 146
128 146
130 146
132 146
134 146
136 146
138 146
140 146
141 146
143 146
145 146
147 146
149 146
151 146
151 145
151 144
151 143
149 143
147 143
145 143
143 143
141 143
140 143
138 143
136 143
134 143
132 143
130 143
128 143
126 143
124 143
122 143
121 143
119 143
117 143
115 143
113 143
111 143
109 143
107 143
105 143
103 143
102 143
100 143
98 143
96 143
94 143
92 143
92 145
92 146
92 148
92 149
92 151
92 153
92 154
92 156
91 156
89 157
88 157
86 157
85 158
83 158
83 158
83 156
83 155
83 153
83 151
82 150
82 148
82 146
82 145
82 143
81 143
80 143
79 143
79 145
79 146
79 148
79 150
80 151
80 153
80 155
80 156
80 158
79 158
78 158
77 158
