131 167
129 167
127 168
125 168
124 168
122 168
120 169
118 169
116 169
114 170
112 170
110 170
109 170
107 171
105 171
103 171
101 172
99 172
97 172
95 173
94 173
92 173
90 173
88 174
86 174
88 174
90 174
92 174
94 174
96 174
98 174
100 174
102 174
104 174
106 174
108 174
110 174
112 174
114 174
115 174
117 174
119 174
121 174
123 174
125 174
127 174
129 174
131 174
133 174
135 174
137 174
139 174
141 174
143 174
145 174
147 174
149 174
151 174
153 174
155 174
157 174
159 174
161 174
163 174
165 174
167 174
169 174
171 174
173 174
174 174
176 174
178 174
180 174
182 174
184 174
186 174
188 174
190 174
192 174
194 174
196 174
198 174
200 174
202 174
200 174
198 174
197 174
195 174
193 174
191 174
190 173
188 173
186 173
184 173
182 173
181 173
179 173
177 173
177 172
177 171
175 171
173 171
171 171
169 171
167 171
165 171
163 171
162 171
160 171
158 171
156 171
154 171
152 171
150 171
148 171
146 171
144 171
142 171
140 171
138 171
136 171
134 171
132 171
131 171
129 171
127 171
125 171
123 171
121 171
119 171
117 171
115 171
113 171
111 171
109 171
107 171
105 171
103 171
101 171
100 171
98 171
96 171
94 171
92 171
90 171
88 171
86 171
86 170
86 169
86 168
88 168
90 168
92 168
94 168
96 168
98 168
100 168
101 168
103 168
105 168
107 168
109 168
111 168
113 168
115 168
117 168
119 168
121 168
123 168
125 168
127 168
129 168
131 168
132 168
134 168
136 168
138 168
140 168
142 168
144 168
146 168
148 168
150 168
152 168
154 168
156 168
158 168
160 168
162 168
163 168
165 168
167 168
169 168
171 168
173 168
175 168
177 168
177 167
177 166
177 165
175 165
173 165
171 165
169 165
167 165
165 165
163 165
162 165
160 165
158 165
156 165
154 165
152 165
150 165
148 165
146 165
144 165
142 165
140 165
138 165
136 165
134 165
132 165
131 165
129 165
127 165
125 165
123 165
121 165
119 165
117 165
115 165
113 165
111 165
109 165
107 165
105 165
103 165
101 165
100 165
98 165
96 165
94 165
92 165
90 165
88 165
86 165
86 164
86 163
86 162
88 162
90 162
92 162
94 162
96 162
98 162
100 162
101 162
103 162
105 162
107 162
109 162
111 162
113 162
115 162
117 162
119 162
121 162
123 162
125 162
127 162
129 162
131 162
132 162
134 162
136 162
138 162
140 162
142 162
144 162
146 162
148 162
150 162
152 162
154 162
156 162
158 162
160 162
162 162
163 162
165 162
167 162
169 162
171 162
173 162
175 162
177 162
177 161
178 160
178 159
176 159
174 159
172 159
170 159
168 159
166 159
164 159
162 159
160 159
158 159
156 159
155 159
153 159
151 159
149 159
147 159
145 159
143 159
141 159
139 159
137 159
135 159
133 159
131 159
129 159
127 159
125 159
123 159
121 159
119 159
117 159
115 159
113 159
111 159
109 159
108 159
106 159
104 159
102 159
100 159
98 159
96 159
94 159
92 159
90 159
88 159
86 159
88 158
89 157
91 157
92 156
94 156
96 156
98 156
100 156
102 156
104 156
106 156
108 156
110 156
112 156
114 156
115 156
117 156
119 156
121 156
123 156
125 156
127 156
129 156
131 156
133 156
135 156
137 156
139 156
141 156
143 156
145 156
147 156
149 156
151 156
153 156
155 156
157 156
158 156
160 156
162 156
164 156
166 156
168 156
170 156
172 156
174 156
176 156
178 156
178 155
178 154
178 153
176 153
174 153
172 153
170 153
168 153
166 153
164 153
162 153
160 153
158 153
157 153
155 153
153 153
151 153
149 153
147 153
145 153
143 153
141 153
139 153
137 153
135 153
133 153
131 153
129 153
127 153
125 153
123 153
121 153
119 153
117 153
115 153
114 153
112 153
110 153
108 153
106 153
104 153
102 153
100 153
98 153
96 153
94 153
92 153
92 152
92 151
92 150
94 150
96 150
98 150
100 150
102 150
104 150
106 150
108 150
110 150
112 150
114 150
115 150
117 150
119 150
121 150
123 150
125 150
127 150
129 150
131 150
133 150
135 150
137 150
139 150
141 150
143 150
145 150
147 150
149 150
151 150
153 150
155 150
157 150
158 150
160 150
162 150
164 150
166 150
168 150
170 150
172 150
174 150
176 150
178 150
178 149
178 148
178 147
176 147
174 147
172 147
170 147
168 147
166 147
164 147
162 147
160 147
158 147
157 147
155 147
153 147
151 147
149 147
147 147
145 147
143 147
141 147
139 147
137 147
135 147
133 147
131 147
129 147
127 147
125 147
123 147
121 147
119 147
117 147
115 147
114 147
112 147
110 147
108 147
106 147
104 147
102 147
100 147
98 147
96 147
94 147
92 147
92 146
92 146
94 146
96 146
98 146
100 146
102 146
104 146
106 146
108 146
110 146
111 146
113 146
115 146
117 146
119 146
121 146
123 146
125 146
127 146
129 146
131 146
133 146
135 146
137 146
139 146
141 146
143 146
145 146
146 146
148 146
150 146
152 146
154 146
156 146
158 146
160 146
162 146
164 146
166 146
168 146
170 146
172 146
174 146
176 146
178 146
180 146
181 146
183 146
185 146
187 146
189 146
191 146
193 146
195 146
197 146
199 146
197 146
196 146
194 146
192 146
190 146
189 146
187 147
185 147
183 147
182 147
180 147
178 147
178 149
178 151
178 153
178 154
178 156
178 158
178 160
177 162
177 164
177 166
177 167
177 169
177 171
177 173
179 173
181 173
182 173
184 173
186 173
188 173
190 173
191 174
193 174
195 174
197 174
198 174
200 174
202 174
200 174
198 175
196 175
194 176
192 176
190 176
188 177
187 177
185 178
183 178
181 178
179 179
177 179
175 180
173 180
171 180
169 181
167 181
165 182
163 182
161 182
159 183
158 183
156 184
154 184
152 184
150 185
148 185
146 186
144 186
142 186
140 187
138 187
136 188
134 188
132 188
130 189
129 189
127 190
125 190
123 190
121 191
119 191
117 192
115 192
113 192
112 192
110 192
108 193
107 193
105 193
107 193
109 193
111 193
113 193
115 193
117 193
119 193
121 193
122 193
124 193
126 193
128 193
130 193
132 193
134 193
136 193
138 193
140 193
142 193
144 193
146 193
148 193
150 193
152 193
153 193
155 193
157 193
159 193
161 193
163 193
165 193
167 193
169 193
171 193
173 193
175 193
177 193
179 193
181 193
183 193
184 193
186 193
188 193
190 193
192 193
194 193
196 193
198 193
200 193
200 192
201 191
201 190
199 190
197 190
195 190
193 190
191 190
189 190
187 190
186 190
184 190
182 190
180 190
178 190
176 190
174 190
172 190
170 190
168 190
166 190
164 190
162 190
160 190
158 190
157 190
155 190
153 190
151 190
149 190
147 190
145 190
143 190
141 190
139 190
137 190
135 190
133 190
131 190
129 190
128 190
126 190
124 190
122 190
120 190
118 190
116 190
114 190
114 189
114 188
114 187
116 187
118 187
120 187
122 187
124 187
126 187
128 187
130 187
132 187
133 187
135 187
137 187
139 187
141 187
143 187
145 187
147 187
149 187
151 187
153 187
155 187
157 187
159 187
161 187
163 187
165 187
167 187
169 187
170 187
172 187
174 187
176 187
178 187
180 187
182 187
184 187
186 187
188 187
190 187
192 187
194 187
196 187
198 187
200 187
202 187
204 187
206 187
207 187
209 187
211 187
213 187
215 187
217 187
219 187
221 187
223 187
225 187
225 186
225 185
225 184
223 184
221 184
219 184
217 184
215 184
213 184
211 184
209 184
207 184
205 184
203 184
201 184
199 184
197 184
196 184
194 184
192 184
190 184
188 184
186 184
184 184
182 184
180 184
178 184
176 184
174 184
172 184
170 184
168 184
166 184
164 184
162 184
160 184
158 184
156 184
154 184
152 184
150 184
148 184
146 184
144 184
142 184
141 184
139 184
137 184
135 184
133 184
131 184
129 184
127 184
125 184
123 184
121 184
119 184
117 184
115 184
113 184
113 183
112 182
112 181
114 181
116 181
118 181
120 181
122 181
124 181
126 181
128 181
130 181
131 181
133 181
135 181
137 181
139 181
141 181
143 181
145 181
147 181
149 181
151 181
153 181
155 181
157 181
159 181
161 181
163 181
165 181
167 181
169 181
170 181
172 181
174 181
176 181
178 181
180 181
182 181
184 181
186 181
188 181
190 181
192 181
194 181
196 181
198 181
200 181
202 181
204 181
206 181
207 181
209 181
211 181
213 181
215 181
217 181
219 181
221 181
223 181
225 181
225 180
225 179
225 178
223 178
221 178
219 178
217 178
215 178
213 178
211 178
209 178
207 178
205 178
203 178
201 178
199 178
197 178
196 178
194 178
192 178
190 178
188 178
186 178
184 178
182 178
180 178
178 178
176 178
174 178
172 178
170 178
168 178
166 178
164 178
162 178
160 178
158 178
156 178
154 178
152 178
150 178
148 178
146 178
144 178
142 178
140 178
139 178
137 178
135 178
133 178
131 178
129 178
127 178
125 178
123 178
121 178
119 178
117 178
115 178
113 178
111 178
111 178
109 178
107 178
106 177
104 177
102 177
100 177
99 176
97 176
95 176
93 176
91 176
90 175
88 175
86 175
88 175
90 175
92 175
94 175
96 175
98 175
100 175
102 175
104 175
106 175
108 175
109 175
111 175
113 175
115 175
117 175
119 175
121 175
123 175
125 175
127 175
129 175
131 175
133 175
135 175
137 175
139 175
141 175
143 175
145 175
147 175
149 175
151 175
153 175
155 175
156 175
158 175
160 175
162 175
164 175
166 175
168 175
170 175
172 175
174 175
176 175
178 175
180 175
182 175
184 175
186 175
188 175
190 175
192 175
194 175
196 175
198 175
200 175
202 175
203 175
205 175
207 175
209 175
211 175
213 175
215 175
217 175
219 175
221 175
223 175
225 175
225 174
225 174
223 174
221 174
219 174
217 174
215 174
213 174
211 174
209 174
207 174
205 174
203 174
202 174
200 174
198 174
196 174
194 174
192 174
190 174
188 174
186 174
184 174
182 174
180 174
178 174
176 174
174 174
172 174
170 174
168 174
166 174
164 174
162 174
160 174
158 174
156 174
155 174
153 174
151 174
149 174
147 174
145 174
143 174
141 174
139 174
137 174
135 174
133 174
131 174
129 174
127 174
125 174
123 174
121 174
119 174
117 174
115 174
113 174
111 174
109 174
108 174
106 174
104 174
102 174
100 174
98 174
96 174
94 174
92 174
90 174
88 174
86 174
88 174
90 175
91 175
93 175
95 175
97 176
99 176
100 176
102 177
104 177
106 177
107 177
109 178
111 178
112 180
112 181
113 183
113 185
114 187
114 188
115 190
115 192
113 192
112 192
110 192
108 193
107 193
105 193
103 193
102 193
100 193
98 193
96 193
95 193
93 193
91 193
89 193
88 193
86 193
88 193
90 193
92 193
94 193
96 193
98 193
100 193
102 193
104 193
106 193
108 193
110 193
112 193
114 193
115 193
117 193
119 193
121 193
123 193
125 193
127 193
129 193
131 193
133 193
135 193
137 193
139 193
141 193
143 193
145 193
147 193
149 193
151 193
153 193
155 193
157 193
159 193
161 193
163 193
165 193
167 193
169 193
171 193
172 193
174 193
176 193
178 193
180 193
182 193
184 193
186 193
188 193
190 193
192 193
194 193
196 193
198 193
200 193
200 193
200 194
198 194
196 194
194 194
192 194
190 194
188 194
186 194
184 194
182 194
180 194
178 194
176 194
174 194
172 194
171 194
169 194
167 194
165 194
163 194
161 194
159 194
157 194
155 194
153 194
151 194
149 194
147 194
145 194
143 194
141 194
139 194
137 194
135 194
133 194
131 194
129 194
127 194
125 194
123 194
121 194
119 194
117 194
115 194
114 194
112 194
110 194
108 194
106 194
104 194
102 194
100 194
98 194
96 194
94 194
92 194
90 194
88 194
86 194
86 195
86 196
86 197
88 197
90 197
92 197
94 197
96 197
98 197
100 197
102 197
104 197
105 197
107 197
109 197
111 197
113 197
115 197
117 197
119 197
121 197
123 197
125 197
127 197
129 197
131 197
133 197
135 197
137 197
139 197
141 197
143 197
144 197
146 197
148 197
150 197
152 197
154 197
156 197
158 197
160 197
162 197
164 197
166 197
168 197
170 197
172 197
174 197
176 197
178 197
180 197
181 197
183 197
185 197
187 197
189 197
191 197
193 197
195 197
197 197
199 197
199 198
198 199
198 200
196 200
194 200
192 200
190 200
188 200
186 200
184 200
182 200
180 200
178 200
176 200
174 200
172 200
170 200
169 200
167 200
165 200
163 200
161 200
159 200
157 200
155 200
153 200
151 200
149 200
147 200
145 200
143 200
141 200
139 200
137 200
135 200
133 200
131 200
129 200
127 200
125 200
123 200
121 200
119 200
117 200
115 200
114 200
112 200
110 200
108 200
106 200
104 200
102 200
100 200
98 200
96 200
94 200
92 200
90 200
88 200
86 200
86 199
86 197
86 196
86 194
86 193
86 193
88 193
89 193
91 193
93 193
95 193
96 193
98 193
100 193
102 193
103 193
105 193
105 192
105 191
105 190
103 190
102 190
100 190
98 190
96 190
95 190
93 190
91 190
89 190
88 190
86 190
86 189
86 188
86 187
88 187
90 187
91 187
93 187
95 187
97 187
99 187
100 187
102 187
104 187
104 186
104 186
102 186
100 186
99 186
97 186
95 186
93 186
91 186
90 186
88 186
86 186
86 187
86 189
86 190
86 192
86 193
86 193
86 194
86 196
86 197
86 199
86 200
88 199
89 199
91 198
93 197
95 197
96 196
98 196
100 195
102 194
103 194
105 193
105 193
107 193
108 193
110 192
112 192
113 192
115 192
115 190
114 188
114 187
113 185
113 183
112 181
112 180
111 178
109 178
107 177
106 177
104 177
102 177
100 176
99 176
97 176
95 175
93 175
91 175
90 175
88 174
86 174
88 174
90 174
92 174
94 174
96 174
98 174
100 174
102 174
104 174
106 174
108 174
110 174
112 174
114 174
115 174
117 174
119 174
121 174
123 174
125 174
127 174
129 174
131 174
133 174
135 174
137 174
139 174
141 174
143 174
145 174
147 174
149 174
151 174
153 174
155 174
157 174
159 174
161 174
163 174
165 174
167 174
169 174
171 174
173 174
174 174
176 174
178 174
180 174
182 174
184 174
186 174
188 174
190 174
192 174
194 174
196 174
198 174
200 174
202 174
202 174
204 174
206 174
207 174
209 174
211 174
213 174
214 174
216 174
218 174
220 174
221 174
223 174
225 174
225 173
225 172
225 171
223 171
221 171
220 171
218 171
216 171
214 171
213 171
211 171
209 171
207 171
206 171
204 171
202 171
202 170
203 169
203 168
205 168
207 168
209 168
210 168
212 168
214 168
216 168
218 168
220 168
221 168
223 168
225 168
225 167
225 166
225 165
223 165
221 165
220 165
218 165
216 165
214 165
212 165
210 165
209 165
207 165
205 165
203 165
203 164
203 163
203 162
205 162
207 162
209 162
210 162
212 162
214 162
216 162
218 162
220 162
221 162
223 162
225 162
225 161
225 160
225 159
223 159
221 159
220 159
218 159
216 159
214 159
212 159
210 159
209 159
207 159
205 159
203 159
203 158
204 157
204 156
206 156
208 156
209 156
211 156
213 156
215 156
216 156
218 156
220 156
222 156
223 156
225 156
225 155
225 154
227 154
228 154
230 153
232 153
233 153
235 153
233 153
231 153
230 153
228 153
226 153
224 153
222 153
220 153
219 153
217 153
215 153
213 153
211 153
209 153
208 153
206 153
204 153
204 152
204 151
204 150
206 150
208 150
209 150
211 150
213 150
215 150
217 150
219 150
220 150
222 150
224 150
226 150
228 150
230 150
231 150
233 150
235 150
235 149
235 148
235 147
233 147
231 147
229 147
228 147
226 147
224 147
222 147
220 147
218 147
217 147
215 147
213 147
211 147
209 147
207 147
206 147
204 147
202 147
200 147
200 146
199 146
201 146
203 146
205 146
207 146
208 146
210 146
212 146
214 146
216 146
218 146
220 146
222 146
224 146
226 146
227 146
229 146
231 146
233 146
235 146
233 146
231 146
229 146
227 146
226 146
224 146
222 146
220 146
218 146
216 146
214 146
212 146
210 146
208 146
207 146
205 146
203 146
201 146
199 146
197 146
195 146
193 145
191 145
189 145
187 145
185 145
183 145
182 144
180 144
178 144
176 144
174 144
172 143
170 143
168 143
166 143
164 143
162 143
160 142
158 142
156 142
154 142
152 142
151 141
149 141
147 141
145 141
143 141
141 140
139 140
137 140
135 140
133 140
131 140
129 139
127 139
125 139
123 139
121 139
120 138
118 138
116 138
114 138
112 138
110 138
108 137
106 137
104 137
106 137
108 137
110 137
112 137
114 137
116 137
118 137
120 137
122 137
124 137
126 137
127 137
129 137
131 137
133 137
135 137
137 137
139 137
141 137
143 137
145 137
147 137
149 137
151 137
153 137
155 137
157 137
159 137
161 137
163 137
165 137
167 137
169 137
170 137
172 137
174 137
176 137
178 137
180 137
182 137
184 137
186 137
188 137
190 137
192 137
194 137
196 137
198 137
200 137
202 137
204 137
206 137
208 137
210 137
212 137
213 137
215 137
217 137
219 137
221 137
223 137
225 137
227 137
229 137
231 137
233 137
235 137
235 138
235 139
235 140
233 140
231 140
229 140
227 140
225 140
223 140
221 140
219 140
217 140
215 140
213 140
211 140
209 140
207 140
205 140
203 140
201 140
200 140
198 140
196 140
194 140
192 140
190 140
188 140
186 140
184 140
182 140
180 140
178 140
176 140
174 140
172 140
170 140
168 140
166 140
164 140
162 140
160 140
158 140
156 140
154 140
152 140
150 140
148 140
146 140
144 140
142 140
140 140
138 140
136 140
134 140
133 140
131 140
129 140
127 140
125 140
123 140
121 140
119 140
117 140
115 140
113 140
111 140
109 140
107 140
105 140
103 140
101 140
99 140
98 141
97 141
95 142
94 143
96 143
98 143
100 143
102 143
104 143
106 143
108 143
110 143
112 143
114 143
116 143
118 143
119 143
121 143
123 143
125 143
127 143
129 143
131 143
133 143
135 143
137 143
139 143
141 143
143 143
145 143
147 143
149 143
151 143
153 143
155 143
157 143
159 143
161 143
163 143
165 143
166 143
168 143
170 143
172 143
174 143
176 143
178 143
180 143
182 143
184 143
186 143
188 143
190 143
192 143
194 143
196 143
198 143
200 143
202 143
204 143
206 143
208 143
210 143
212 143
213 143
215 143
217 143
219 143
221 143
223 143
225 143
227 143
229 143
231 143
233 143
235 143
235 144
235 145
235 146
233 146
231 146
229 146
227 146
225 146
223 146
221 146
219 146
217 146
215 146
213 146
211 146
210 146
208 146
206 146
204 146
202 146
200 146
198 146
196 146
194 146
192 146
190 146
188 146
186 146
184 146
182 146
180 146
178 146
176 146
174 146
172 146
170 146
168 146
166 146
164 146
163 146
161 146
159 146
157 146
155 146
153 146
151 146
149 146
147 146
145 146
143 146
141 146
139 146
137 146
135 146
133 146
131 146
129 146
127 146
125 146
123 146
121 146
119 146
117 146
116 146
114 146
112 146
110 146
108 146
106 146
104 146
102 146
100 146
98 146
96 146
94 146
92 146
94 146
96 145
98 145
99 144
101 144
103 144
105 143
107 143
109 142
111 142
113 141
114 141
116 141
118 140
120 140
122 139
124 139
126 139
127 138
129 138
131 137
133 137
133 137
135 137
137 137
139 137
141 137
143 137
145 137
147 137
149 137
151 137
153 137
155 137
157 137
159 137
160 137
162 137
164 137
166 137
168 137
170 137
172 137
174 137
176 137
178 137
180 137
182 137
184 137
186 137
188 137
190 137
192 137
194 137
196 137
198 137
200 137
202 137
204 137
206 137
208 137
210 137
211 137
213 137
215 137
217 137
219 137
221 137
223 137
225 137
227 137
229 137
231 137
233 137
235 137
235 136
235 135
235 134
233 134
231 134
229 134
227 134
225 134
223 134
221 134
219 134
218 134
216 134
214 134
212 134
210 134
208 134
206 134
204 134
202 134
200 134
198 134
196 134
194 134
192 134
190 134
188 134
186 134
184 134
183 134
181 134
179 134
177 134
175 134
173 134
171 134
169 134
167 134
167 133
168 132
168 131
170 131
172 131
174 131
176 131
178 131
179 131
181 131
183 131
185 131
187 131
189 131
191 131
193 131
195 131
197 131
199 131
201 131
202 131
204 131
206 131
208 131
210 131
212 131
214 131
216 131
218 131
220 131
222 131
224 131
225 131
227 131
229 131
231 131
233 131
235 131
235 130
235 129
235 128
233 128
231 128
229 128
227 128
225 128
223 128
221 128
219 128
218 128
216 128
214 128
212 128
210 128
208 128
206 128
204 128
202 128
200 128
198 128
196 128
194 128
192 128
190 128
188 128
186 128
185 128
183 128
181 128
179 128
177 128
175 128
173 128
171 128
169 128
169 127
170 126
170 125
172 125
174 125
176 125
178 125
180 125
181 125
183 125
185 125
187 125
189 125
191 125
193 125
195 125
197 125
199 125
201 125
203 125
204 125
206 125
208 125
210 125
212 125
214 125
216 125
218 125
220 125
222 125
224 125
225 125
227 125
229 125
231 125
233 125
235 125
235 124
235 123
235 122
233 122
231 122
229 122
227 122
225 122
223 122
221 122
219 122
218 122
216 122
214 122
212 122
210 122
208 122
206 122
204 122
202 122
200 122
198 122
196 122
194 122
192 122
190 122
188 122
187 122
185 122
183 122
181 122
179 122
177 122
175 122
173 122
171 122
171 121
171 121
173 121
175 121
177 121
179 121
181 121
183 121
185 121
187 121
188 121
190 121
192 121
194 121
196 121
198 121
200 121
202 121
204 121
206 121
208 121
210 121
212 121
214 121
216 121
218 121
219 121
221 121
223 121
225 121
227 121
229 121
231 121
233 121
235 121
233 121
231 121
229 121
228 121
226 121
224 121
222 121
220 121
218 121
216 121
215 121
213 121
211 121
209 121
207 121
205 121
203 121
202 121
200 121
198 121
196 121
195 120
194 118
193 117
192 116
190 115
189 113
188 112
187 111
185 111
184 111
182 111
180 111
178 111
177 111
175 111
173 111
171 111
170 111
168 111
169 111
169 112
171 112
172 112
174 112
176 112
178 112
179 112
181 112
183 112
185 112
186 112
188 112
189 113
190 114
191 115
189 115
188 115
186 115
184 115
182 115
181 115
179 115
177 115
175 115
174 115
172 115
170 115
171 116
171 117
172 118
172 118
174 118
176 118
177 118
179 118
181 118
183 118
184 118
186 118
188 118
190 118
191 118
193 118
194 119
195 120
196 121
194 121
192 121
191 121
189 121
187 121
185 121
184 121
182 121
180 121
178 121
176 121
175 121
173 121
171 121
171 120
172 119
172 118
171 117
170 115
170 114
169 112
168 111
166 111
164 111
162 111
160 111
158 111
156 111
155 111
153 111
151 111
149 111
147 111
145 111
143 111
141 111
139 111
137 111
135 111
133 111
131 111
129 111
128 111
126 111
124 111
122 111
120 111
118 111
116 111
118 111
120 111
122 111
124 111
126 111
128 111
129 111
131 111
133 111
135 111
137 111
139 111
141 111
143 111
145 111
147 111
149 111
151 111
152 111
154 111
156 111
158 111
160 111
162 111
164 111
166 111
168 111
170 111
172 111
174 111
175 111
177 111
179 111
181 111
183 111
185 111
187 111
186 110
185 109
184 108
182 108
180 108
178 108
176 108
174 108
172 108
170 108
168 108
167 108
165 108
163 108
161 108
159 108
157 108
155 108
153 108
151 108
149 108
147 108
145 108
143 108
141 108
139 108
137 108
135 108
133 108
132 108
130 108
128 108
126 108
124 108
122 108
120 108
118 108
116 108
116 107
116 106
116 105
118 105
120 105
122 105
124 105
126 105
127 105
129 105
131 105
133 105
135 105
137 105
139 105
141 105
143 105
145 105
147 105
149 105
150 105
152 105
154 105
156 105
158 105
160 105
162 105
164 105
166 105
168 105
170 105
171 105
173 105
175 105
177 105
179 105
181 105
180 104
180 103
179 102
177 102
175 102
173 102
171 102
169 102
168 102
166 102
164 102
162 102
160 102
158 102
156 102
154 102
152 102
150 102
148 102
147 102
145 102
143 102
141 102
139 102
137 102
135 102
133 102
131 102
129 102
127 102
126 102
124 102
122 102
120 102
118 102
116 102
116 101
116 100
116 99
118 99
120 99
122 99
124 99
126 99
128 99
130 99
131 99
133 99
135 99
137 99
139 99
141 99
143 99
145 99
147 99
149 99
151 99
153 99
155 99
157 99
159 99
161 99
162 99
164 99
166 99
168 99
170 99
172 99
174 99
176 99
176 98
175 98
173 98
171 98
169 98
167 98
165 98
164 98
162 98
160 98
158 98
156 98
154 98
152 98
150 98
148 98
146 98
145 98
143 98
141 98
139 98
137 98
135 98
133 98
131 98
129 98
127 98
126 98
124 98
122 98
120 98
118 98
116 98
116 100
116 101
116 103
116 104
116 106
116 108
116 109
116 111
116 111
118 111
120 111
121 111
123 111
125 111
127 111
128 111
130 111
132 111
132 112
132 113
130 113
128 113
127 113
125 113
123 113
121 113
120 113
118 113
116 113
116 114
116 115
116 116
118 116
120 116
121 116
123 116
125 116
127 116
128 116
130 116
132 116
132 117
132 118
132 119
130 119
128 119
127 119
125 119
123 119
121 119
120 119
118 119
116 119
116 120
116 121
116 122
118 122
120 122
121 122
123 122
125 122
127 122
128 122
130 122
132 122
132 123
133 124
133 125
131 125
130 125
128 125
126 125
125 125
123 125
121 125
119 125
118 125
116 125
116 126
116 127
116 128
118 128
119 128
121 128
123 128
125 128
126 128
128 128
130 128
131 128
133 128
133 129
133 130
133 131
131 131
130 131
128 131
126 131
124 131
123 131
121 131
119 131
117 131
116 131
114 131
113 132
112 132
110 133
109 134
111 134
113 134
115 134
116 134
118 134
120 134
122 134
124 134
126 134
127 134
129 134
131 134
133 134
133 135
133 136
133 137
131 137
129 137
128 137
126 137
124 137
122 137
120 137
119 137
117 137
115 137
113 137
111 137
109 137
108 137
106 137
104 137
106 136
107 135
109 134
110 133
112 133
113 132
115 131
116 130
116 128
116 127
116 125
116 123
116 121
116 120
116 118
116 116
116 114
116 113
116 111
116 111
116 109
116 108
116 106
116 104
116 103
116 101
116 100
116 98
118 98
120 99
122 99
123 100
125 100
127 101
129 101
131 102
133 102
135 103
136 103
138 104
140 104
142 104
144 105
146 105
148 106
149 106
151 107
153 107
155 108
157 108
159 109
161 109
162 110
164 110
166 111
168 111
169 112
170 114
170 115
171 117
172 118
172 119
171 120
171 121
173 120
174 119
176 118
177 117
179 116
181 115
182 114
184 113
185 112
187 111
188 112
189 113
190 115
192 116
193 117
194 118
195 120
196 121
198 121
200 121
202 121
203 121
205 121
207 121
209 121
211 121
213 121
215 121
216 121
218 121
220 121
222 121
224 121
226 121
228 121
229 121
231 121
233 121
235 121
233 121
231 122
229 122
227 123
226 123
224 123
222 124
220 124
218 124
216 125
214 125
212 126
210 126
209 126
207 127
205 127
203 128
201 128
199 128
197 129
195 129
193 130
192 130
190 130
188 131
186 131
184 131
182 132
180 132
178 133
176 133
175 133
173 134
171 134
169 135
167 135
165 135
163 135
161 135
159 135
158 136
156 136
154 136
152 136
150 136
148 136
146 136
144 136
142 136
141 137
139 137
137 137
135 137
133 137
135 137
137 137
139 137
141 137
142 136
144 136
146 136
148 136
150 136
152 136
154 136
156 136
158 136
159 135
161 135
163 135
165 135
167 135
169 135
171 134
173 134
174 133
176 133
178 132
180 132
182 131
184 131
186 130
188 130
189 130
191 129
193 129
195 128
197 128
199 127
201 127
203 126
204 126
206 126
208 125
210 125
212 124
214 124
216 123
218 123
219 122
221 122
223 121
225 121
225 121
227 121
228 121
230 121
232 121
233 121
235 121
235 120
235 119
235 118
234 118
232 118
231 118
229 118
228 118
226 118
226 117
227 116
227 115
229 115
230 115
232 115
233 115
235 115
235 114
235 113
235 112
233 112
232 112
230 112
228 112
226 112
225 112
223 112
223 111
222 111
220 111
218 111
217 111
215 110
213 110
211 110
210 110
208 110
206 110
204 109
203 109
201 109
199 109
201 109
203 109
205 109
207 109
208 109
210 109
212 109
214 109
216 109
218 109
220 109
222 109
224 109
226 109
227 109
229 109
231 109
233 109
235 109
235 108
235 107
235 106
233 106
231 106
229 106
228 106
226 106
224 106
222 106
220 106
218 106
216 106
215 106
213 106
211 106
209 106
207 106
205 106
203 106
202 106
200 106
198 106
196 106
195 105
194 104
193 103
195 103
197 103
199 103
201 103
203 103
204 103
206 103
208 103
210 103
212 103
214 103
216 103
218 103
220 103
222 103
224 103
225 103
227 103
229 103
231 103
233 103
235 103
235 102
235 101
235 100
233 100
231 100
229 100
228 100
226 100
224 100
222 100
220 100
218 100
216 100
214 100
213 100
211 100
209 100
207 100
205 100
203 100
201 100
199 100
198 100
196 100
194 100
192 100
190 100
189 99
188 98
190 98
192 98
194 98
196 98
197 98
199 98
201 98
203 98
205 98
207 98
209 98
211 98
212 98
214 98
216 98
218 98
220 98
222 98
224 98
226 98
227 98
229 98
231 98
233 98
235 98
