2000 1998
2030 2001
1939 1999
1939 1997
2030 1999
2030 1997
1939 1995
1939 1995
1913 1974
2052 1979
2030 1980
2030 1980
1913 1976
1913 1978
2030 1982
2030 1984
1913 1980
1913 1982
2030 1986
2030 1988
1913 1984
1913 1986
2030 1990
2030 1992
1913 1988
1913 1990
2030 1994
2030 1996
1913 1992
1913 1994
2030 1997
2030 1980
2052 1979
2080 1979
1913 1974
1913 1972
2079 1977
2079 1975
1942 1971
1961 1971
1961 1969
2079 1973
2079 1971
1961 1967
1961 1965
2079 1969
2079 1967
1962 1963
1962 1961
2079 1965
2079 1963
1963 1960
1963 1960
2051 1942
2031 1942
2051 1942
2051 1944
1979 1942
1927 1942
2051 1946
2051 1948
1913 1944
1913 1946
2052 1950
2052 1952
1913 1948
1913 1950
2052 1954
2052 1956
1913 1952
1913 1954
2052 1958
2053 1959
2079 1961
1913 1956
1913 1958
2079 1963
1963 1960
1958 1960
1913 1958
1963 1960
1958 1960
1957 1961
1913 1960
1913 1962
1957 1963
1957 1965
1913 1964
1913 1966
1958 1960
1963 1960
2051 1942
2053 1959
2079 1963
2079 1963
2080 1979
1963 1960
2052 1979
2052 1979
2080 1979
2080 1981
2052 1981
2052 1983
2080 1983
2080 1985
2052 1985
2052 1987
2080 1987
2080 1989
2052 1989
2052 1991
2080 1991
2080 1993
2052 1993
2052 1995
2080 1995
2081 1997
2052 1996
2081 1997
2081 1997
2083 1955
2084 1955
2082 1997
2084 1997
2086 1955
2088 1955
2086 1997
2088 1997
2090 1955
2092 1955
2090 1997
2092 1997
2094 1955
2096 1956
2094 1997
2096 1997
2098 1966
2098 1997
2096 1955
2096 1955
2056 1954
2056 1952
2096 1953
2096 1951
2056 1950
2056 1948
2095 1949
2095 1947
2056 1946
2056 1944
2095 1945
2095 1943
2083 1943
2095 1943
2083 1955
2056 1955
2083 1955
2056 1954
2083 1955
2096 1955
2095 1943
2096 1955
2098 1997
2081 1997
2098 1997
2098 2004
2031 2002
2035 2001
2098 2003
2098 2001
2051 2000
2053 2000
2052 1998
2098 1999
2098 1997
2052 1996
2098 2004
2098 2018
1950 2013
1949 2013
2098 2018
2098 2016
1946 2011
1943 2009
2098 2014
2098 2012
1940 2007
1940 2005
2098 2010
2098 2008
1940 2003
1939 2001
2098 2006
2098 2004
1939 1999
2015 2016
2015 2016
2098 2018
2098 2020
2015 2018
2016 2020
2097 2022
2097 2024
2016 2022
2017 2024
2097 2026
2097 2028
2017 2026
2018 2028
2097 2030
2097 2032
2019 2030
2019 2031
2097 2033
2049 2032
2042 2038
1985 2037
2017 2038
2017 2037
2043 2037
2045 2035
2018 2035
2019 2033
2047 2033
2049 2032
2019 2031
2020 2033
2017 2038
1985 2037
1964 2036
1985 2037
1985 2035
1964 2034
1964 2032
1985 2033
1985 2031
1964 2030
1964 2028
1985 2029
1985 2027
1964 2026
1964 2024
1986 2025
1986 2023
1964 2022
1964 2022
1961 2020
1986 2021
1986 2019
1957 2018
1954 2016
1986 2017
1987 2016
2015 2016
1950 2013
1964 2022
1964 2036
1964 2036
1964 2037
1994 2037
2042 2038
1964 2039
1964 2041
2040 2040
2038 2042
1964 2043
1964 2045
2036 2044
2034 2046
1964 2047
1964 2049
2032 2048
2030 2050
1964 2051
1964 2052
1912 2053
2028 2052
2026 2054
1912 2055
1912 2057
2024 2056
2022 2058
1912 2059
1912 2061
2020 2060
2018 2062
1912 2063
1912 2065
2016 2064
2014 2066
1912 2067
1912 2069
2012 2068
2010 2070
1912 2071
1912 2074
2009 2073
1985 2037
1964 2036
1964 2022
1950 2013
1964 2022
1985 2037
2017 2038
2020 2033
2019 2031
2042 2038
2049 2032
2049 2032
2097 2034
2067 2034
2076 2035
2067 2036
2097 2036
2097 2038
2050 2038
2048 2040
2097 2040
2097 2042
2046 2042
2044 2044
2097 2044
2097 2046
2042 2046
2040 2048
2097 2048
2097 2050
2038 2050
2036 2052
2097 2052
2097 2054
2034 2054
2033 2056
2097 2056
2097 2058
2031 2058
2029 2060
2097 2060
2097 2062
2027 2062
2025 2064
2097 2064
2097 2066
2023 2066
2021 2068
2097 2068
2097 2070
2019 2070
2018 2072
2097 2072
2076 2035
2049 2032
2042 2038
2019 2031
2019 2031
2015 2016
2097 2033
2098 2018
2098 2018
1939 1999
2031 2002
2053 2000
2052 1996
2098 2004
2098 1997
2098 1997
2081 1997
2081 1997
2052 1996
2052 1979
2052 1979
2080 1979
1963 1960
1961 1971
1913 1974
1913 1974
2030 1997
1939 1995
1913 1994
1939 1995
1938 1996
1913 1996
1913 1998
1938 1998
1937 2000
1913 2000
1913 2002
1937 2002
1936 2004
1913 2004
1913 2006
1936 2006
1935 2008
1913 2008
1913 2010
1935 2010
1935 2011
1938 2012
1913 2012
1913 2014
1942 2015
1946 2017
1913 2016
1913 2018
1950 2019
1954 2021
1913 2020
1913 2022
1958 2023
1959 2025
1913 2024
1913 2026
1959 2027
1959 2029
1913 2028
1913 2030
1959 2031
1959 2033
1913 2032
1913 2034
1959 2035
1959 2037
1913 2036
1913 2038
1959 2039
1959 2041
1913 2040
1913 2042
1959 2043
1959 2045
1913 2044
1913 2046
1938 2047
1913 2047
